timestamp,timestamp_sample,vibe[0],vibe[1],vibe[2],output_tracking_error[0],output_tracking_error[1],output_tracking_error[2],control_mode_flags,filter_fault_flags,pos_horiz_accuracy,pos_vert_accuracy,mag_test_ratio,vel_test_ratio,pos_test_ratio,hgt_test_ratio,tas_test_ratio,hagl_test_ratio,beta_test_ratio,time_slip,accel_device_id,gyro_device_id,baro_device_id,mag_device_id,gps_check_fail_flags,innovation_check_flags,solution_status_flags,reset_count_vel_ne,reset_count_vel_d,reset_count_pos_ne,reset_count_pod_d,reset_count_quat,pre_flt_fail_innov_heading,pre_flt_fail_innov_vel_horiz,pre_flt_fail_innov_vel_vert,pre_flt_fail_innov_height,pre_flt_fail_mag_field_disturbed,health_flags,timeout_flags
708000,708000,1.4583503e-11,3.857098e-06,0.00019856953,1.572176e-05,0.00044101095,3.9235542e-06,512,0,0.70622146,3.5000029,0.0,nan,nan,1.1754944e-38,0.0,0.0,0.0,0.0,1310996,1310996,6620172,197388,0,0,228,1,0,1,0,1,0,0,0,0,0,0,0
720000,720000,1.4604687e-11,3.8709836e-06,0.00019489002,2.7756862e-05,0.00035761142,4.401847e-06,512,0,0.7097526,3.5000114,0.0,nan,nan,1.1754944e-38,0.0,0.0,0.0,0.0,1310996,1310996,6620172,197388,0,0,228,1,0,1,0,1,0,0,0,0,0,0,0
912000,912000,1.5638435e-11,4.3727023e-06,0.00016153647,4.8606144e-05,0.0007055721,0.0036115185,512,0,0.6306503,1.5657496,0.0,nan,nan,0.00024096317,0.0,0.0,0.0,0.0,1310996,1310996,6620172,197388,0,0,228,1,0,1,0,1,0,0,0,0,0,0,0
1104000,1096000,1.6565978e-11,4.627136e-06,0.00015728603,1.4895088e-05,0.00043674733,0.0039536133,67109376,0,1.1756082,1.2398895,1.0004985e-05,nan,nan,0.0025225517,0.0,0.0,0.0,0.004,1310996,1310996,6620172,197388,0,0,228,1,0,1,0,1,0,0,0,0,0,0,0
1304000,1288000,1.7452014e-11,4.9944133e-06,0.00014791507,9.954739e-06,0.0006031529,0.003568955,67109376,0,0.3299434,1.0165436,6.99581e-05,nan,nan,0.0003489802,0.0,0.0,0.0,0.004,1310996,1310996,6620172,197388,0,0,228,1,0,1,0,1,0,0,0,0,0,0,0
1508000,1508000,1.9636393e-11,5.4965144e-06,0.0029406091,3.9408747e-05,0.00092115224,0.0015910381,67109376,0,0.27521208,0.89038235,6.3499574e-05,nan,nan,0.0025198297,0.0,0.0,0.0,0.004,1310996,1310996,6620172,197388,0,0,228,1,0,1,0,1,0,0,0,0,0,0,0
1704000,1704000,1.934728e-11,5.5284386e-06,0.0039143795,2.8070875e-05,0.00046502778,0.0013614249,67109376,0,0.21290183,0.80854136,8.069153e-05,nan,nan,0.00033279095,0.0,0.0,0.0,0.008,1310996,1310996,6620172,197388,0,0,228,1,0,1,0,1,0,0,0,0,0,0,0
1904000,1904000,2.0185988e-11,5.573039e-06,0.0036168457,1.1473292e-05,0.0002687952,0.0011999537,512,0,0.38562056,0.76147455,0.0,nan,nan,8.917504e-05,0.0,0.0,0.0,0.008,1310996,1310996,6620172,197388,0,0,228,1,0,1,0,1,0,0,0,0,0,0,0
2112000,2112000,2.0935902e-11,5.560459e-06,0.0021984726,3.7698293e-05,0.00032989006,0.0004899837,512,0,0.5496514,0.7326634,0.0,nan,nan,0.0027197863,0.0,0.0,0.0,0.008,1310996,1310996,6620172,197388,0,0,228,1,0,1,0,1,0,0,0,0,0,0,0
2312000,2312000,2.0891936e-11,5.736181e-06,0.0013713659,7.6033364e-05,0.0010925536,0.003211339,512,0,0.64000225,0.71487075,0.0,nan,nan,8.431182e-05,0.0,0.0,0.0,0.008,1310996,1310996,6620172,197388,0,0,228,1,0,1,0,1,0,0,0,0,0,0,0
2504000,2504000,2.1323752e-11,5.5766336e-06,0.0008966173,8.8617795e-05,0.0011900314,0.0030740285,512,0,0.6528715,0.703062,0.0,nan,nan,0.00032650196,0.0,0.0,0.0,0.008,1310996,1310996,6620172,197388,0,0,228,1,0,1,0,1,0,0,0,0,0,0,0
2704000,2704000,2.0762041e-11,5.6079457e-06,0.00059367664,5.5829e-05,0.00092258555,0.0022390091,512,0,0.64644104,0.71410745,0.0,nan,nan,0.00030947395,0.0,0.0,0.0,0.008,1310996,1310996,6620172,197388,0,0,228,1,0,1,0,1,0,0,0,0,0,0,0
2904000,2904000,2.1189465e-11,5.3374156e-06,0.00040418663,3.3660708e-05,0.0004972729,0.0010101373,67109376,0,0.63079864,0.7144914,0.00010314632,nan,nan,0.00044417742,0.0,0.0,0.0,0.008,1310996,1310996,6620172,197388,0,0,228,1,0,1,0,1,0,0,0,0,0,0,0
3112000,3112000,2.0488437e-11,5.391105e-06,0.0002875433,6.414767e-05,0.0005369176,0.00034336105,67109376,0,0.18872248,0.7205782,7.742854e-05,nan,nan,0.0009198749,0.0,0.0,0.0,0.008,1310996,1310996,6620172,197388,0,0,228,1,0,1,0,1,0,0,0,0,0,0,0
3308000,3304000,1.9285684e-11,5.2138953e-06,0.00022025214,0.00021950078,0.0018269271,0.0027481194,67109376,0,0.17370681,0.72165984,5.0350507e-05,nan,nan,0.0005951302,0.0,0.0,0.0,0.008,1310996,1310996,6620172,197388,0,0,228,1,0,1,0,1,0,0,0,0,0,0,0
3508000,3504000,1.8733681e-11,5.210519e-06,0.00017665102,0.00027773716,0.0022637332,0.0018145378,67109376,0,0.16417824,0.7265838,2.7521186e-05,nan,nan,0.00070872554,0.0,0.0,0.0,0.008,1310996,1310996,6620172,197388,0,0,228,1,0,1,0,1,0,0,0,0,0,0,0
3712000,3692000,1.633797e-11,5.219734e-06,0.0030593202,0.00015766163,0.0019127276,0.0014994025,67109376,0,0.1473776,0.7444471,5.9521833e-05,nan,nan,0.001591549,0.0,0.0,0.0,0.008,1310996,1310996,6620172,197388,0,0,228,1,0,1,0,1,0,0,0,0,0,0,0
3912000,3908000,1.8269285e-11,5.546892e-06,0.008564818,1.4777633e-05,0.0013143213,0.0024097527,512,0,0.13379753,0.74582344,0.0,nan,nan,0.002130787,0.0,0.0,0.0,0.012,1310996,1310996,6620172,197388,0,0,228,1,0,1,0,1,0,0,0,0,0,0,0
4112000,4108000,1.9574675e-11,5.4992415e-06,0.0052250894,2.6584466e-05,0.0006644536,0.001297687,512,0,0.21991093,0.75713784,0.0,nan,nan,0.00022063639,0.0,0.0,0.0,0.012,1310996,1310996,6620172,197388,0,0,228,1,0,1,0,1,0,0,0,0,0,0,0
4340000,4340000,2.3636428e-11,6.7023657e-06,0.013592875,3.3962224e-05,0.0011644495,0.0021792813,512,0,0.29609427,0.7502996,0.0,nan,nan,0.0009447042,0.0,0.0,0.0,0.016,1310996,1310996,6620172,197388,0,0,228,1,0,1,0,1,0,0,0,0,0,0,0
4508000,4508000,2.2276734e-11,6.219993e-06,0.008957127,1.5380698e-05,0.0011920753,0.002444012,512,0,0.44097573,0.7524323,0.0,nan,nan,0.0013070436,0.0,0.0,0.0,0.016,1310996,1310996,6620172,197388,0,0,228,1,0,1,0,1,0,0,0,0,0,0,0
4704000,4700000,2.022532e-11,5.775773e-06,0.0055732834,3.9058024e-05,0.0014117239,0.0028570017,512,0,0.5167894,0.7648866,0.0,nan,nan,0.0018413997,0.0,0.0,0.0,0.016,1310996,1310996,6620172,197388,0,0,228,1,0,1,0,1,0,0,0,0,0,0,0
4904000,4892000,2.0453625e-11,5.7371813e-06,0.0034796973,4.5850564e-05,0.001386892,0.002827001,512,0,0.5463047,0.753589,0.0,nan,nan,0.0024572243,0.0,0.0,0.0,0.016,1310996,1310996,6620172,197388,0,0,228,1,0,1,0,1,0,0,0,0,0,0,0
5112000,5100000,1.9249928e-11,5.3005474e-06,0.0021067546,3.7191232e-05,0.0018069617,0.004535899,512,0,0.56318754,0.74708676,0.0,nan,nan,0.0012117509,0.0,0.0,0.0,0.016,1310996,1310996,6620172,197388,0,0,228,1,0,1,0,1,0,0,0,0,0,0,0
5304000,5300000,2.0331655e-11,5.4837255e-06,0.003152666,3.840759e-05,0.0005793812,0.0011435038,512,0,0.5567852,0.73684967,0.0,nan,nan,0.0013348626,0.0,0.0,0.0,0.016,1310996,1310996,6620172,197388,0,0,228,1,0,1,0,1,0,0,0,0,0,0,0
5504000,5500000,2.0251406e-11,5.438725e-06,0.001949209,3.5693636e-05,0.0007530824,0.0020294155,512,0,0.5438748,0.7425746,0.0,nan,nan,0.0022026508,0.0,0.0,0.0,0.016,1310996,1310996,6620172,197388,0,0,228,1,0,1,0,1,0,0,0,0,0,0,0
5704000,5700000,1.8983697e-11,5.376978e-06,0.001225091,2.2534186e-05,0.00046864827,0.0014226945,512,0,0.52929544,0.7318013,0.0,nan,nan,0.00088435883,0.0,0.0,0.0,0.016,1310996,1310996,6620172,197388,0,0,228,1,0,1,0,1,0,0,0,0,0,0,0
5904000,5900000,1.9803898e-11,5.3232534e-06,0.0007919235,0.00037059133,0.0010316217,0.0028467837,67109395,0,0.16225441,0.72183424,3.340457e-05,nan,nan,0.0021941555,0.0,0.0,0.0,0.016,1310996,1310996,6620172,197388,0,0,229,1,0,1,0,2,0,0,0,0,0,0,0
6104000,6100000,1.890501e-11,5.326679e-06,0.0005295445,0.00013399214,0.00081206707,0.0025052158,67109395,0,0.13351998,0.71333736,0.00030268118,nan,nan,0.00080138084,0.0,0.0,0.0,0.016,1310996,1310996,6620172,197388,0,0,229,1,0,1,0,2,0,0,0,0,0,0,0
6312000,6312000,1.9104097e-11,5.311782e-06,0.0018757803,6.177068e-05,0.00064620085,0.0006288074,67109395,0,0.12736939,0.7090695,0.0030148586,nan,nan,0.0009062192,0.0,0.0,0.0,0.016,1310996,1310996,6620172,197388,0,0,229,1,0,1,0,2,0,0,0,0,0,0,0
6500000,6500000,2.06479e-11,5.631168e-06,0.0012152505,0.0004957735,0.0012970315,0.0013075867,67109395,0,0.12269784,0.70154804,0.0017066731,nan,nan,0.0005341107,0.0,0.0,0.0,0.016,1310996,1310996,6620172,197388,0,0,229,1,0,1,0,2,0,0,0,0,0,0,0
6712000,6712000,1.9558008e-11,5.3912518e-06,0.0007605951,0.00015590139,0.0016724952,0.001227574,67109395,0,0.12392121,0.7015418,0.003236093,nan,nan,0.0013565366,0.0,0.0,0.0,0.016,1310996,1310996,6620172,197388,0,0,229,1,0,1,0,2,0,0,0,0,0,0,0
6904000,6900000,1.9698073e-11,5.4480506e-06,0.0005199032,0.00018201998,0.0020856336,0.0016133592,67109395,0,0.11999818,0.712448,0.0033781966,nan,nan,0.0013307418,0.0,0.0,0.0,0.016,1310996,1310996,6620172,197388,0,0,229,1,0,1,0,2,0,0,0,0,0,0,0
7104000,7100000,1.8302887e-11,5.2794667e-06,0.00036412862,0.00016644454,0.0020252815,0.0016743103,67109395,0,0.1172468,0.71392244,0.0007508363,nan,nan,0.0006441826,0.0,0.0,0.0,0.016,1310996,1310996,6620172,197388,0,0,229,1,0,1,0,2,0,0,0,0,0,0,0
7308000,7300000,1.8949646e-11,5.260742e-06,0.00026169748,0.00014778416,0.0014108343,0.0012629853,67109395,0,0.11357874,0.71729213,0.0013598653,nan,nan,0.00038013502,0.0,0.0,0.0,0.016,1310996,1310996,6620172,197388,0,0,229,1,0,1,0,2,0,0,0,0,0,0,0
7508000,7500000,2.0427398e-11,5.3336244e-06,0.00020949845,4.3917058e-05,0.0005559648,0.000658503,67109395,0,0.10942796,0.72218245,0.00044979964,nan,nan,0.0007205826,0.0,0.0,0.0,0.016,1310996,1310996,6620172,197388,0,0,229,1,0,1,0,2,0,0,0,0,0,0,0
7708000,7700000,2.1182193e-11,5.377568e-06,0.00017682194,5.9059952e-05,0.0010904834,0.0016238592,67109395,0,0.105157286,0.7279753,0.0022043209,nan,nan,0.0020387825,0.0,0.0,0.0,0.016,1310996,1310996,6620172,197388,0,0,229,1,0,1,0,2,0,0,0,0,0,0,0
7908000,7900000,2.0812366e-11,5.353976e-06,0.0014799108,0.00010744897,0.0013195465,0.0016264756,67109395,0,0.10100364,0.73429865,0.008442901,nan,nan,0.00059889915,0.0,0.0,0.0,0.016,1310996,1310996,6620172,197388,0,0,229,1,0,1,0,2,0,0,0,0,0,0,0
8112000,8112000,2.0618729e-11,5.6034364e-06,0.0018984011,0.00016290491,0.0015041145,0.001601433,67109395,0,0.09832826,0.7444065,0.0020373582,nan,nan,0.0013778666,0.0,0.0,0.0,0.016,1310996,1310996,6620172,197388,0,0,229,1,0,1,0,2,0,0,0,0,0,0,0
8300000,8300000,2.099922e-11,5.4714583e-06,0.0012235701,0.00011062122,0.0015059466,0.0014440882,67109395,0,0.09357887,0.76455367,0.0100903055,nan,nan,0.00025253725,0.0,0.0,0.0,0.016,1310996,1310996,6620172,197388,0,0,229,1,0,1,0,2,0,0,0,0,0,0,0
8500000,8500000,2.0453274e-11,5.4147677e-06,0.00078612095,0.0001280855,0.0015666899,0.0016119656,67109395,0,0.090497665,0.7700899,0.0068349647,nan,nan,0.00016960605,0.0,0.0,0.0,0.016,1310996,1310996,6620172,197388,0,0,229,1,0,1,0,2,0,0,0,0,0,0,0
8712000,8712000,2.0828566e-11,5.3098906e-06,0.00051330373,0.00010042623,0.0014345078,0.0016034233,67109395,0,0.08894003,0.7785022,0.007862114,nan,nan,0.0020041862,0.0,0.0,0.0,0.016,1310996,1310996,6620172,197388,0,0,229,1,0,1,0,2,0,0,0,0,0,0,0
8912000,8912000,2.1601184e-11,5.2249e-06,0.00035724533,7.873141e-05,0.00078616577,0.0015298417,67109395,0,0.11118768,0.78158695,0.001732055,nan,nan,0.0017064754,0.0,0.0,0.0,0.016,1310996,1310996,6620172,197388,0,0,229,1,0,1,0,2,0,0,0,0,0,0,0
9104000,9104000,2.11161e-11,5.441564e-06,0.00026688832,0.00011007934,0.0006910256,0.0010178307,67109395,0,0.1082785,0.7792487,0.003056371,nan,nan,0.0013483847,0.0,0.0,0.0,0.02,1310996,1310996,6620172,197388,0,0,229,1,0,1,0,2,0,0,0,0,0,0,0
9304000,9304000,2.0409995e-11,5.4356638e-06,0.0002033888,6.834979e-05,0.0006869888,0.0012675605,67109395,0,0.10861156,0.77972287,0.0033932915,nan,nan,0.00015321583,0.0,0.0,0.0,0.02,1310996,1310996,6620172,197388,0,0,229,1,0,1,0,2,0,0,0,0,0,0,0
9504000,9504000,2.0453955e-11,5.4889447e-06,0.0001654472,5.6763976e-05,0.00092116976,0.0018620695,67109395,0,0.10991109,0.7990775,0.0018180998,nan,nan,0.0011697806,0.0,0.0,0.0,0.02,1310996,1310996,6620172,197388,0,0,229,1,0,1,0,2,0,0,0,0,0,0,0
9704000,9704000,2.0129407e-11,5.3795993e-06,0.00015080736,6.626238e-05,0.0009960153,0.0017907041,67109395,0,0.11162081,0.7969911,0.00096721493,nan,nan,0.0008072184,0.0,0.0,0.0,0.02,1310996,1310996,6620172,197388,0,0,229,1,0,1,0,2,0,0,0,0,0,0,0
9904000,9904000,1.8973554e-11,5.3724766e-06,0.0001363412,0.00014753433,0.0015695592,0.0031374858,67109395,0,0.11308493,0.79352057,0.005123746,nan,nan,0.0011148436,0.0,0.0,0.0,0.02,1310996,1310996,6620172,197388,0,0,229,1,0,1,0,2,0,0,0,0,0,0,0
10108000,10096000,1.8998482e-11,5.387798e-06,0.00013355365,0.00013623176,0.004748642,0.008976992,67109399,0,0.32388937,0.75740325,0.0022306584,0.008087678,0.01976485,0.0030179652,0.0,0.0,0.0,0.02,1310996,1310996,6620172,197388,0,0,895,2,1,2,0,2,0,0,0,0,0,0,0
10308000,10296000,1.9609718e-11,5.4059237e-06,0.00012832915,0.00014631881,0.003873002,0.005802173,67109399,0,0.24058405,0.6961824,0.0037277879,0.002829579,0.018469855,0.0012245097,0.0,0.0,0.0,0.02,1310996,1310996,6620172,197388,0,0,895,2,1,2,0,2,0,0,0,0,0,0,0
10524000,10524000,2.1556649e-11,5.518235e-06,0.0036448268,8.517146e-05,0.0031775103,0.0111453505,67109399,0,0.20149685,0.6588127,0.0033340976,0.002075448,0.025302548,0.0004654185,0.0,0.0,0.0,0.02,1310996,1310996,6620172,197388,0,0,895,2,1,2,0,2,0,0,0,0,0,0,0
10708000,10708000,2.1169476e-11,5.536916e-06,0.004635936,6.0012586e-05,0.0012545193,0.0069978787,535,0,0.17867199,0.60758305,0.0008074265,0.0020241467,0.027728548,6.397357e-05,0.0,0.0,0.0,0.024,1310996,1310996,6620172,197388,0,0,895,2,1,2,0,2,0,0,0,0,0,0,0
10908000,10908000,2.0462057e-11,5.503108e-06,0.0028484694,8.9678346e-05,0.0013853755,0.0046248296,535,0,0.16357072,0.58272225,0.0016087091,0.0020404551,0.0221961,0.0014913318,0.0,0.0,0.0,0.024,1310996,1310996,6620172,197388,0,0,895,2,1,2,0,2,0,0,0,0,0,0,0
11108000,11100000,1.901602e-11,5.1131615e-06,0.001801376,0.00013063259,0.0009689852,0.006862369,535,0,0.15274167,0.5540459,0.0059211166,0.002832806,0.020244628,0.0026866116,0.0,0.0,0.0,0.024,1310996,1310996,6620172,197388,0,0,895,2,1,2,0,2,0,0,0,0,0,0,0
11312000,11300000,1.9751473e-11,5.19036e-06,0.0011419536,0.00014304028,0.00091724424,0.0042256857,535,0,0.14536174,0.5298593,0.0018866747,0.002320262,0.03328252,0.0015449369,0.0,0.0,0.0,0.024,1310996,1310996,6620172,197388,0,0,895,2,1,2,0,2,0,0,0,0,0,0,0
11504000,11488000,1.9580613e-11,5.260947e-06,0.0007557673,0.00016184388,0.0022727542,0.0031325945,535,0,0.13946263,0.50871485,0.0030943912,0.0007350078,0.015346388,0.0009523894,0.0,0.0,0.0,0.024,1310996,1310996,6620172,197388,0,0,895,2,1,2,0,2,0,0,0,0,0,0,0
11708000,11708000,1.8604016e-11,5.506363e-06,0.0104099605,0.000100096935,0.00040714673,0.0021456736,535,0,0.1407572,0.4912312,0.00030510486,0.004971684,0.027549567,0.0011633257,0.0,0.0,0.0,0.024,1310996,1310996,6620172,197388,0,0,895,2,1,2,0,2,0,0,0,0,0,0,0
11904000,11900000,1.9616753e-11,5.892415e-06,0.012174012,0.00020693993,0.0024256355,0.003164695,535,0,0.13613743,0.47913265,0.009383791,0.001301498,0.021501834,0.0009000101,0.0,0.0,0.0,0.024,1310996,1310996,6620172,197388,0,0,895,2,1,2,0,2,0,0,0,0,0,0,0
12116000,12104000,1.890084e-11,5.717988e-06,0.007594112,4.6504658e-05,0.00084194617,0.0023161243,535,0,0.1332403,0.46416503,0.004990282,0.0040758513,0.023721617,0.00017868461,0.0,0.0,0.0,0.027999999,1310996,1310996,6620172,197388,0,0,895,2,1,2,0,2,0,0,0,0,0,0,0
12316000,12304000,1.993631e-11,5.5595515e-06,0.0046413024,0.00015178161,0.0014986147,0.0019475286,535,0,0.1310414,0.4507307,0.0017619049,0.0014109187,0.013046901,0.0024604716,0.0,0.0,0.0,0.027999999,1310996,1310996,6620172,197388,0,0,895,2,1,2,0,2,0,0,0,0,0,0,0
12512000,12512000,1.8966077e-11,5.322042e-06,0.0036351231,0.00014672228,0.002579506,0.0055032833,535,0,0.12933426,0.43860248,0.00046509123,0.004686353,0.01872276,0.00104522,0.0,0.0,0.0,0.027999999,1310996,1310996,6620172,197388,0,0,895,2,1,2,0,2,0,0,0,0,0,0,0
12712000,12712000,1.923627e-11,5.513114e-06,0.002726207,0.00020727326,0.0016020765,0.002941751,535,0,0.12856385,0.4277953,0.0045300163,0.0022213748,0.016043445,0.00025161653,0.0,0.0,0.0,0.027999999,1310996,1310996,6620172,197388,0,0,895,2,1,2,0,2,0,0,0,0,0,0,0
12912000,12912000,1.8539151e-11,5.411425e-06,0.0016972687,0.00011425592,0.0013491571,0.0034339812,535,0,0.12740302,0.41778073,0.002851531,0.0015712761,0.006541759,0.0015991802,0.0,0.0,0.0,0.027999999,1310996,1310996,6620172,197388,0,0,895,2,1,2,0,2,0,0,0,0,0,0,0
13108000,13104000,2.0189616e-11,5.660316e-06,0.0010895063,7.521359e-05,0.0026611339,0.0076472256,535,0,0.12581949,0.40842614,0.005101197,0.0063540083,0.02602109,0.0016832366,0.0,0.0,0.0,0.027999999,1310996,1310996,6620172,197388,0,0,895,2,1,2,0,2,0,0,0,0,0,0,0
13312000,13304000,1.9446103e-11,5.823215e-06,0.005464739,0.00010934165,0.0013833747,0.0048690853,535,0,0.12523735,0.4000427,0.0041621225,0.0035363012,0.02335594,0.00077266525,0.0,0.0,0.0,0.027999999,1310996,1310996,6620172,197388,0,0,895,2,1,2,0,2,0,0,0,0,0,0,0
13508000,13492000,1.8052693e-11,5.4145e-06,0.0034452605,0.00017794633,0.0025585028,0.0024805665,535,0,0.12409686,0.3945942,0.0046167593,0.002006372,0.026602464,5.891328e-05,0.0,0.0,0.0,0.027999999,1310996,1310996,6620172,197388,0,0,895,2,1,2,0,2,0,0,0,0,0,0,0
13716000,13712000,1.9055738e-11,5.445586e-06,0.0062642945,0.0001949948,0.0022076569,0.0018107804,535,0,0.12435444,0.38753211,0.005313571,0.0066288803,0.005325511,0.00064019114,0.0,0.0,0.0,0.036,1310996,1310996,6620172,197388,0,0,895,2,1,2,0,2,0,0,0,0,0,0,0
13904000,13900000,1.9217974e-11,5.373123e-06,0.003950858,9.2664064e-05,0.001520014,0.0029505633,535,0,0.12341915,0.38285854,0.0036380151,0.0023835613,0.01688882,0.0009470974,0.0,0.0,0.0,0.036,1310996,1310996,6620172,197388,0,0,895,2,1,2,0,2,0,0,0,0,0,0,0
14112000,14112000,1.8511552e-11,5.334349e-06,0.0055123786,4.9207498e-05,0.00048520463,0.0022392021,535,0,0.12386139,0.3745552,0.0025403511,0.003596153,0.024546526,0.0010017302,0.0,0.0,0.0,0.036,1310996,1310996,6620172,197388,0,0,895,2,1,2,0,2,0,0,0,0,0,0,0
14308000,14308000,1.9790404e-11,5.5545506e-06,0.0059827203,6.8507135e-05,0.00079024845,0.0012709693,535,0,0.12238114,0.37037775,0.0008753708,0.001722572,0.007855355,0.0011184824,0.0,0.0,0.0,0.036,1310996,1310996,6620172,197388,0,0,895,2,1,2,0,2,0,0,0,0,0,0,0
14512000,14512000,1.9826992e-11,5.5335113e-06,0.005054351,0.00014458553,0.0022444085,0.0035946467,535,0,0.12348122,0.3652995,0.000573591,0.0027710719,0.031535733,0.0013168043,0.0,0.0,0.0,0.036,1310996,1310996,6620172,197388,0,0,895,2,1,2,0,2,0,0,0,0,0,0,0
14712000,14712000,1.959156e-11,5.3489766e-06,0.0031040483,6.988299e-05,0.0020148181,0.0041673006,535,0,0.12330116,0.36015528,0.010784527,0.0020969345,0.0128504075,0.0018558218,0.0,0.0,0.0,0.036,1310996,1310996,6620172,197388,0,0,895,2,1,2,0,2,0,0,0,0,0,0,0
14916000,14912000,2.0363189e-11,5.507159e-06,0.0019267517,0.00020213542,0.0008358871,0.0023215644,535,0,0.12008231,0.35493267,0.008794602,0.005975707,0.023388015,0.0010558862,0.0,0.0,0.0,0.036,1310996,1310996,6620172,197388,0,0,895,2,1,2,0,2,0,0,0,0,0,0,0
15116000,15112000,2.1432784e-11,5.5698906e-06,0.0012103457,7.270616e-05,0.0011888769,0.002020882,535,0,0.123056486,0.35263592,0.00014394788,0.00800836,0.0065195016,0.0015918924,0.0,0.0,0.0,0.036,1310996,1310996,6620172,197388,0,0,895,2,1,2,0,2,0,0,0,0,0,0,0
15308000,15308000,2.2897477e-11,5.642456e-06,0.006229954,9.031798e-05,0.0018012094,0.002240731,535,0,0.12113998,0.34770066,0.0016686575,0.002490199,0.033522155,0.0005062581,0.0,0.0,0.0,0.036,1310996,1310996,6620172,197388,0,0,895,2,1,2,0,2,0,0,0,0,0,0,0
15508000,15504000,2.1109005e-11,5.541719e-06,0.0038926722,0.00014488545,0.0029600852,0.005296621,535,0,0.12231661,0.3441753,0.004747969,0.0023136004,0.02759091,0.00034686952,0.0,0.0,0.0,0.04,1310996,1310996,6620172,197388,0,0,895,2,1,2,0,2,0,0,0,0,0,0,0
15708000,15704000,2.1212518e-11,5.5111504e-06,0.0049170754,9.035957e-05,0.0013080991,0.0021417376,535,0,0.12228645,0.3404395,0.00966329,0.0016335532,0.0121896565,8.591239e-05,0.0,0.0,0.0,0.04,1310996,1310996,6620172,197388,0,0,895,2,1,2,0,2,0,0,0,0,0,0,0
15912000,15908000,2.0785134e-11,5.5374467e-06,0.0030279977,7.6299766e-05,0.0010851788,0.0015418737,535,0,0.122249626,0.3369306,0.0019522635,0.008725127,0.006688109,0.0014198538,0.0,0.0,0.0,0.044,1310996,1310996,6620172,197388,0,0,895,2,1,2,0,2,0,0,0,0,0,0,0
16112000,16108000,2.002292e-11,5.568054e-06,0.0018832869,9.770033e-05,0.0020509365,0.0041596005,535,0,0.12220928,0.33515653,0.0021571263,0.0027285146,0.02612107,0.00046630425,0.0,0.0,0.0,0.044,1310996,1310996,6620172,197388,0,0,895,2,1,2,0,2,0,0,0,0,0,0,0
16312000,16308000,1.9666055e-11,5.440195e-06,0.0011922567,0.00014110122,0.0025777176,0.004284163,535,0,0.12216578,0.33201262,0.0049025808,0.00545311,0.019929372,0.00041729867,0.0,0.0,0.0,0.044,1310996,1310996,6620172,197388,0,0,895,2,1,2,0,2,0,0,0,0,0,0,0
16508000,16500000,1.905154e-11,5.4218217e-06,0.0007793342,4.9558657e-05,0.0018468238,0.0044142175,535,0,0.121526785,0.32881466,0.007689163,0.0026690392,0.023219142,0.001442532,0.0,0.0,0.0,0.044,1310996,1310996,6620172,197388,0,0,895,2,1,2,0,2,0,0,0,0,0,0,0
16708000,16708000,1.9341655e-11,5.4100956e-06,0.0020659305,3.980151e-05,0.0018693012,0.0047315643,535,0,0.122095615,0.32629162,0.00047268168,0.0036445034,0.019236613,8.833377e-05,0.0,0.0,0.0,0.044,1310996,1310996,6620172,197388,0,0,895,2,1,2,0,2,0,0,0,0,0,0,0
16908000,16908000,2.116676e-11,5.4968345e-06,0.0012992027,0.00013366881,0.001554827,0.0027235597,67109399,0,0.12204347,0.32369247,0.0015168531,0.0043663997,0.012457526,0.0006989009,0.0,0.0,0.0,0.044,1310996,1310996,6620172,197388,0,0,895,2,1,2,0,2,0,0,0,0,0,0,0
17108000,17108000,2.2025364e-11,5.617884e-06,0.0008323328,6.969268e-05,0.00094202685,0.0012104076,67109399,0,0.12199083,0.3212552,0.004130517,0.0030320096,0.024011597,0.00082158163,0.0,0.0,0.0,0.044,1310996,1310996,6620172,197388,0,0,895,2,1,2,0,2,0,0,0,0,0,0,0
17308000,17308000,1.9595995e-11,5.433717e-06,0.0005545218,7.6360215e-05,0.0015244146,0.0023114092,67109399,0,0.12193808,0.3203038,0.0021586816,0.0033941297,0.022615822,0.0009711894,0.0,0.0,0.0,0.044,1310996,1310996,6620172,197388,0,0,895,2,1,2,0,2,0,0,0,0,0,0,0
17512000,17508000,1.8798657e-11,5.2690693e-06,0.0003858334,8.121352e-05,0.0015618415,0.0032019482,67109399,0,0.12188555,0.3181319,0.0015539959,0.0044741733,0.021131078,0.0009115465,0.0,0.0,0.0,0.044,1310996,1310996,6620172,197388,0,0,895,2,1,2,0,2,0,0,0,0,0,0,0
17712000,17708000,1.879476e-11,5.056954e-06,0.00027433937,7.436929e-05,0.0014769459,0.002638006,67109399,0,0.121833764,0.3160877,0.0045736316,0.002303818,0.032744333,0.0003497428,0.0,0.0,0.0,0.044,1310996,1310996,6620172,197388,0,0,895,2,1,2,0,2,0,0,0,0,0,0,0
17912000,17908000,1.877826e-11,5.1148204e-06,0.00020592059,4.8303365e-05,0.0009260897,0.0024784089,67109399,0,0.12178308,0.31416285,0.002517758,0.007019014,0.012486785,0.00017477034,0.0,0.0,0.0,0.044,1310996,1310996,6620172,197388,0,0,895,2,1,2,0,2,0,0,0,0,0,0,0
18112000,18108000,2.0584014e-11,5.252002e-06,0.00017805959,5.0888506e-05,0.0015402638,0.003134426,67109399,0,0.121733606,0.31234765,0.008771287,0.010413237,0.018266626,0.0014620497,0.0,0.0,0.0,0.044,1310996,1310996,6620172,197388,0,0,895,2,1,2,0,2,0,0,0,0,0,0,0
18312000,18308000,1.9943255e-11,5.3315307e-06,0.00014828469,4.7512734e-05,0.0013022415,0.0021195787,67109399,0,0.12168568,0.31063348,0.0026701454,0.006492828,0.022410259,0.00091148017,0.0,0.0,0.0,0.044,1310996,1310996,6620172,197388,0,0,895,2,1,2,0,2,0,0,0,0,0,0,0
18512000,18508000,1.8729476e-11,5.02955e-06,0.00012987336,0.00010766625,0.002120296,0.004969989,67109399,0,0.121639244,0.30901262,0.003815533,0.0025070931,0.029285297,0.00036955773,0.0,0.0,0.0,0.044,1310996,1310996,6620172,197388,0,0,895,2,1,2,0,2,0,0,0,0,0,0,0
18712000,18708000,1.7898209e-11,4.981614e-06,0.00012433117,0.00014291311,0.0015008848,0.0040764515,67109399,0,0.12159422,0.30867156,0.0037848204,0.0025386543,0.00710353,0.0004818337,0.0,0.0,0.0,0.044,1310996,1310996,6620172,197388,0,0,895,2,1,2,0,2,0,0,0,0,0,0,0
18912000,18908000,1.869121e-11,5.2338883e-06,0.00011738223,3.6232217e-05,0.00091036956,0.0031626888,67109399,0,0.12155085,0.3072004,0.0016099282,0.0020996183,0.017992314,0.0016392388,0.0,0.0,0.0,0.044,1310996,1310996,6620172,197388,0,0,895,2,1,2,0,2,0,0,0,0,0,0,0
19112000,19108000,1.8116359e-11,5.401462e-06,0.00011433923,6.53994e-05,0.0012463038,0.0038595235,67109399,0,0.121509075,0.30580506,0.002572727,0.0045159617,0.0297888,0.0010221368,0.0,0.0,0.0,0.044,1310996,1310996,6620172,197388,0,0,895,2,1,2,0,2,0,0,0,0,0,0,0
19312000,19308000,1.8171459e-11,5.190734e-06,0.00011055056,0.00010634929,0.002113217,0.004978053,67109399,0,0.12146909,0.3044805,0.0007487253,0.007600271,0.022742454,0.0023005898,0.0,0.0,0.0,0.044,1310996,1310996,6620172,197388,0,0,895,2,1,2,0,2,0,0,0,0,0,0,0
19512000,19508000,2.0082075e-11,5.459545e-06,0.000113131406,4.2586078e-05,0.001198612,0.0012845648,67109399,0,0.12143057,0.30321965,0.00127837,0.0022971886,0.03164265,0.0015264518,0.0,0.0,0.0,0.044,1310996,1310996,6620172,197388,0,0,895,2,1,2,0,2,0,0,0,0,0,0,0
19712000,19708000,1.9178192e-11,5.2795094e-06,0.00011251537,9.261397e-05,0.0026644946,0.004816342,67109399,0,0.1213938,0.30202082,0.0025207733,0.0018042742,0.020574814,0.0025691164,0.0,0.0,0.0,0.044,1310996,1310996,6620172,197388,0,0,895,2,1,2,0,2,0,0,0,0,0,0,0
19912000,19908000,2.146931e-11,5.509257e-06,0.00011549959,0.00017457969,0.002600081,0.0053341086,67109399,0,0.12135861,0.30200058,0.011487296,0.0027415378,0.028554762,0.0027792086,0.0,0.0,0.0,0.044,1310996,1310996,6620172,197388,0,0,895,2,1,2,0,2,0,0,0,0,0,0,0
20112000,20108000,2.1325835e-11,5.5089768e-06,0.00011771009,2.9020588e-05,0.0016943206,0.002966572,67109399,0,0.12132484,0.30090493,0.0031813048,0.002603678,0.021181416,0.0017333333,0.0,0.0,0.0,0.044,1310996,1310996,6620172,197388,0,0,895,2,1,2,0,2,0,0,0,0,0,0,0
20304000,20292000,1.9983099e-11,5.3642734e-06,0.00011709526,4.8194488e-05,0.000384301,0.001731499,67109399,0,0.12019855,0.2992137,0.0035538839,0.0033653048,0.020704066,0.001015998,0.0,0.0,0.0,0.048,1310996,1310996,6620172,197388,0,0,895,2,1,2,0,2,0,0,0,0,0,0,0
20508000,20492000,2.1159007e-11,5.525362e-06,0.00011728706,8.669181e-05,0.00054942875,0.0028163267,67109399,0,0.120247036,0.29930764,0.0063278414,0.0035444186,0.017374925,0.00085332757,0.0,0.0,0.0,0.048,1310996,1310996,6620172,197388,0,0,895,2,1,2,0,2,0,0,0,0,0,0,0
20712000,20712000,2.140451e-11,5.5734863e-06,0.0026113477,8.798782e-05,0.0014650553,0.0023355153,67109399,0,0.12140298,0.2979149,0.0037838863,0.0062005143,0.02297761,0.00052039104,0.0,0.0,0.0,0.048,1310996,1310996,6620172,197388,0,0,895,2,1,2,0,2,0,0,0,0,0,0,0
20912000,20912000,1.8575667e-11,5.280696e-06,0.0016298993,6.385989e-05,0.0023387452,0.00455808,67109399,0,0.12135363,0.2969937,0.00781537,0.0013516854,0.009692154,0.0019399992,0.0,0.0,0.0,0.048,1310996,1310996,6620172,197388,0,0,895,2,1,2,0,2,0,0,0,0,0,0,0
21112000,21112000,1.7520825e-11,4.989747e-06,0.0010309129,4.7489964e-05,0.0009769297,0.0026100834,67109399,0,0.1213057,0.29717088,0.0015886406,0.0041848235,0.022332717,0.0003153776,0.0,0.0,0.0,0.048,1310996,1310996,6620172,197388,0,0,895,2,1,2,0,2,0,0,0,0,0,0,0
21308000,21296000,1.6894543e-11,4.945509e-06,0.0007029382,5.899521e-05,0.0005333572,0.00046374524,67109399,0,0.12019478,0.29568425,0.0022077933,0.00636364,0.02799065,0.0005755934,0.0,0.0,0.0,0.052,1310996,1310996,6620172,197388,0,0,895,2,1,2,0,2,0,0,0,0,0,0,0
21512000,21512000,2.1062254e-11,5.741197e-06,0.004335299,6.5203516e-05,0.0014524709,0.0022020554,67109399,0,0.12022906,0.29486,0.01061767,0.002701995,0.019150466,0.0020235225,0.0,0.0,0.0,0.052,1310996,1310996,6620172,197388,0,0,895,2,1,2,0,2,0,0,0,0,0,0,0
21708000,21708000,2.039507e-11,5.7781276e-06,0.004075825,0.00010529221,0.0018063192,0.0031212645,535,0,0.12083061,0.29436767,0.0035640555,0.0016196658,0.011869657,0.0009507367,0.0,0.0,0.0,0.052,1310996,1310996,6620172,197388,0,0,895,2,1,2,0,2,0,0,0,0,0,0,0
21908000,21908000,2.0715221e-11,5.6024696e-06,0.0025131218,3.9731745e-05,0.002000441,0.004440099,535,0,0.12085067,0.293593,0.001503809,0.0020704193,0.02390518,0.0007661153,0.0,0.0,0.0,0.052,1310996,1310996,6620172,197388,0,0,895,2,1,2,0,2,0,0,0,0,0,0,0
22108000,22108000,2.1832623e-11,5.6885697e-06,0.004545571,2.0340476e-05,0.00039406307,0.001250393,535,0,0.12086512,0.29387525,0.0059718797,0.006073241,0.017176945,0.0005821426,0.0,0.0,0.0,0.052,1310996,1310996,6620172,197388,0,0,895,2,1,2,0,2,0,0,0,0,0,0,0
22300000,22296000,2.0586713e-11,5.3302388e-06,0.0028779674,3.0724288e-05,0.0007477199,0.0021174848,535,0,0.120327204,0.2928444,0.007800113,0.0011861097,0.036147434,0.00057498505,0.0,0.0,0.0,0.052,1310996,1310996,6620172,197388,0,0,895,2,1,2,0,2,0,0,0,0,0,0,0
22500000,22496000,2.0347278e-11,5.4476814e-06,0.0038439648,2.7727172e-05,0.00047459922,0.0013237151,535,0,0.12033297,0.2921333,0.00042560446,0.0024089587,0.012743662,0.00087672047,0.0,0.0,0.0,0.052,1310996,1310996,6620172,197388,0,0,895,2,1,2,0,2,0,0,0,0,0,0,0
22712000,22708000,2.1165809e-11,5.339248e-06,0.0022985875,4.82374e-05,0.0012985907,0.0030491701,535,0,0.12088735,0.29173234,0.0042336956,0.0026390657,0.024223393,0.0011458653,0.0,0.0,0.0,0.052,1310996,1310996,6620172,197388,0,0,895,2,1,2,0,2,0,0,0,0,0,0,0
22912000,22908000,2.0800434e-11,5.466796e-06,0.0014357064,0.00013703281,0.0009060426,0.0029758138,535,0,0.12088566,0.29106012,0.008902712,0.0036028621,0.008280279,5.36556e-05,0.0,0.0,0.0,0.052,1310996,1310996,6620172,197388,0,0,895,2,1,2,0,2,0,0,0,0,0,0,0
23100000,23096000,1.9925943e-11,5.446979e-06,0.0009410371,3.5170793e-05,0.00074199686,0.0012453968,67109399,0,0.12033293,0.29112518,0.0102354055,0.0032111357,0.00814276,0.0005571955,0.0,0.0,0.0,0.052,1310996,1310996,6620172,197388,0,0,895,2,1,2,0,2,0,0,0,0,0,0,0
23300000,23296000,1.849741e-11,5.1979437e-06,0.00061456603,5.6031855e-05,0.0014828012,0.0030869597,67109399,0,0.120327204,0.2904926,0.0015280579,0.0032266977,0.006458021,0.00077509455,0.0,0.0,0.0,0.052,1310996,1310996,6620172,197388,0,0,895,2,1,2,0,2,0,0,0,0,0,0,0
23512000,23508000,1.9545275e-11,5.4184684e-06,0.0004134191,8.705087e-05,0.001568783,0.004006125,67109399,0,0.12086722,0.29016978,0.0022107027,0.0029552649,0.023403415,0.0002687218,0.0,0.0,0.0,0.052,1310996,1310996,6620172,197388,0,0,895,2,1,2,0,2,0,0,0,0,0,0,0
23712000,23708000,1.9393598e-11,5.2616374e-06,0.0002972802,3.4118508e-05,0.0013573335,0.004026415,67109399,0,0.12085781,0.2895827,0.00746899,0.0016984084,0.02805766,0.001311259,0.0,0.0,0.0,0.052,1310996,1310996,6620172,197388,0,0,895,2,1,2,0,2,0,0,0,0,0,0,0
23912000,23908000,1.8586835e-11,5.266968e-06,0.00023023109,6.042136e-05,0.0009393211,0.0010897935,67109399,0,0.12084735,0.28901675,0.0016125747,0.0072672563,0.015384842,0.0008646199,0.0,0.0,0.0,0.052,1310996,1310996,6620172,197388,0,0,895,2,1,2,0,2,0,0,0,0,0,0,0
24100000,24096000,1.7243769e-11,5.177401e-06,0.001960171,9.027044e-05,0.0019017371,0.00400899,67109399,0,0.12029336,0.28818983,0.009038305,0.004805352,0.009250078,0.0010564574,0.0,0.0,0.0,0.052,1310996,1310996,6620172,197388,0,0,895,2,1,2,0,2,0,0,0,0,0,0,0
24312000,24308000,1.9405776e-11,5.340555e-06,0.0012011791,5.1530595e-05,0.0014406544,0.0021696836,67109399,0,0.12082813,0.2879575,0.0008491744,0.009083906,0.015787566,0.00043991848,0.0,0.0,0.0,0.052,1310996,1310996,6620172,197388,0,0,895,2,1,2,0,2,0,0,0,0,0,0,0
24512000,24508000,1.7785043e-11,5.1305706e-06,0.00077364984,8.673636e-05,0.0026013283,0.0039513716,67109399,0,0.120815255,0.288436,0.002120821,0.016372908,0.0150510715,0.00063696416,0.0,0.0,0.0,0.052,1310996,1310996,6620172,197388,0,0,895,2,1,2,0,2,0,0,0,0,0,0,0
24708000,24708000,1.877743e-11,5.1706515e-06,0.0016921358,4.5173234e-05,0.0015509195,0.0024634493,67109399,0,0.12080238,0.28795502,0.0029584689,0.0019416219,0.03445407,0.00097523356,0.0,0.0,0.0,0.052,1310996,1310996,6620172,197388,0,0,895,2,1,2,0,2,0,0,0,0,0,0,0
24908000,24908000,1.8671118e-11,5.243996e-06,0.0010705524,4.0296207e-05,0.0014469364,0.003407931,67109399,0,0.120789446,0.28749532,0.0076906523,0.00063951005,0.027287962,0.0007147543,0.0,0.0,0.0,0.052,1310996,1310996,6620172,197388,0,0,895,2,1,2,0,2,0,0,0,0,0,0,0
25108000,25108000,1.8603853e-11,5.200009e-06,0.0006981063,4.824923e-05,0.0016812349,0.0043221074,67109399,0,0.12077652,0.287056,0.002210513,0.00486402,0.022588858,0.0013358784,0.0,0.0,0.0,0.052,1310996,1310996,6620172,197388,0,0,895,2,1,2,0,2,0,0,0,0,0,0,0
25308000,25308000,1.8029593e-11,5.153784e-06,0.00046968996,0.00010523083,0.00083909824,0.00090422755,67109399,0,0.12076368,0.28663623,0.015160936,0.0016584806,0.012776627,0.00077167904,0.0,0.0,0.0,0.052,1310996,1310996,6620172,197388,0,0,895,2,1,2,0,2,0,0,0,0,0,0,0
25500000,25496000,1.9718213e-11,5.440026e-06,0.00033656065,4.845476e-05,0.0014791626,0.0020415445,67109399,0,0.120208316,0.2859381,0.0016490375,0.0006927596,0.0132870255,0.0027506535,0.0,0.0,0.0,0.052,1310996,1310996,6620172,197388,0,0,895,2,1,2,0,2,0,0,0,0,0,0,0
25704000,25692000,1.9928009e-11,5.354216e-06,0.000250276,5.7545105e-05,0.0021296355,0.0041702515,67109399,0,0.119659506,0.28621083,0.0058134645,0.0032934237,0.029625213,0.00030763168,0.0,0.0,0.0,0.055999998,1310996,1310996,6620172,197388,0,0,895,2,1,2,0,2,0,0,0,0,0,0,0
25908000,25892000,2.173394e-11,5.62385e-06,0.00020210122,6.04958e-05,0.00179762,0.004154751,67109399,0,0.11970382,0.28584346,0.0025401206,0.002604002,0.033934347,0.0010243764,0.0,0.0,0.0,0.055999998,1310996,1310996,6620172,197388,0,0,895,2,1,2,0,2,0,0,0,0,0,0,0
26112000,26112000,2.2338187e-11,5.5436158e-06,0.0040724305,7.539742e-05,0.00095440884,0.0014938458,535,0,0.1208246,0.28514388,0.0020306096,0.0019260237,0.014470358,0.0011503815,0.0,0.0,0.0,0.055999998,1310996,1310996,6620172,197388,0,0,895,2,1,2,0,2,0,0,0,0,0,0,0
26312000,26312000,2.1762894e-11,5.388086e-06,0.002509773,6.055317e-05,0.00055383425,0.0019203222,535,0,0.12080093,0.28575903,0.0026682708,0.0028741802,0.021040844,0.000120361794,0.0,0.0,0.0,0.055999998,1310996,1310996,6620172,197388,0,0,895,2,1,2,0,2,0,0,0,0,0,0,0
26512000,26512000,2.0223177e-11,5.3303324e-06,0.0015688394,6.7148445e-05,0.0016814579,0.0026648317,535,0,0.12077718,0.2854349,0.0042629405,0.007104848,0.008890138,0.0005335898,0.0,0.0,0.0,0.055999998,1310996,1310996,6620172,197388,0,0,895,2,1,2,0,2,0,0,0,0,0,0,0
26700000,26700000,2.0667901e-11,5.3581543e-06,0.0010244831,4.6754296e-05,0.0013666282,0.0022779494,535,0,0.120213486,0.28481776,0.0031181003,0.0074477284,0.006257958,0.00040996913,0.0,0.0,0.0,0.055999998,1310996,1310996,6620172,197388,0,0,895,2,1,2,0,2,0,0,0,0,0,0,0
26900000,26900000,2.1973963e-11,5.425685e-06,0.00066843315,6.586989e-05,0.0004774411,0.0017382797,535,0,0.12019281,0.28451735,0.0058827084,0.0013981027,0.01966568,0.002061375,0.0,0.0,0.0,0.055999998,1310996,1310996,6620172,197388,0,0,895,2,1,2,0,2,0,0,0,0,0,0,0
27112000,27112000,2.0169246e-11,5.3349117e-06,0.00044396913,4.734418e-05,0.00095016806,0.002599204,67109399,0,0.12071351,0.2845342,0.008096651,0.0025108748,0.005577478,0.0010269936,0.0,0.0,0.0,0.055999998,1310996,1310996,6620172,197388,0,0,895,2,1,2,0,2,0,0,0,0,0,0,0
27300000,27300000,1.9990778e-11,5.3787044e-06,0.00032191403,8.214768e-05,0.0010762888,0.0036477298,67109399,0,0.120155334,0.28488877,0.0002880747,0.002832858,0.008399733,0.00045603726,0.0,0.0,0.0,0.055999998,1310996,1310996,6620172,197388,0,0,895,2,1,2,0,2,0,0,0,0,0,0,0
27504000,27500000,1.9483174e-11,5.3455856e-06,0.00023896864,6.387315e-05,0.00045234783,0.0010053704,67109399,0,0.120138615,0.28461733,0.0010635832,0.001649862,0.016095504,0.0007197953,0.0,0.0,0.0,0.055999998,1310996,1310996,6620172,197388,0,0,895,2,1,2,0,2,0,0,0,0,0,0,0
27708000,27704000,1.826586e-11,5.4652583e-06,0.005934946,6.5869695e-05,0.0019979628,0.00403216,535,0,0.122705735,0.28503907,5.2716925e-05,0.004164333,0.01705992,0.0004108391,0.0,0.0,0.0,0.055999998,1310996,1310996,6620172,197388,0,0,895,2,1,2,0,2,0,0,0,0,0,0,0
27901000,27896000,1.8670664e-11,5.904948e-06,0.010821623,2.9203244e-05,0.00092965586,0.002203433,535,0,0.1245899,0.28516668,0.0033161836,0.0012738245,0.011593444,0.0003556513,0.0,0.0,0.0,0.055999998,1310996,1310996,6620172,197388,0,0,895,2,1,2,0,2,0,0,0,0,0,0,0
28104000,28096000,1.9138885e-11,5.82169e-06,0.017815402,5.9539103e-05,0.00071470015,0.0015694492,535,0,0.12634285,0.28626457,0.00012087017,0.00063773524,0.008317016,0.00083078595,0.0,0.0,0.0,0.055999998,1310996,1310996,6620172,197388,0,0,895,2,1,2,0,2,0,0,0,0,0,0,0
28308000,28304000,1.9920135e-11,6.3007938e-06,0.023104334,4.0423412e-05,0.00081139716,0.0021107944,535,0,0.12474463,0.2856378,0.00083856366,0.0013666502,0.033179175,0.0013111474,0.0,0.0,0.0,0.055999998,1310996,1310996,6620172,197388,0,0,895,2,1,2,0,2,0,0,0,0,0,0,0
28512000,28500000,1.9121756e-11,5.7294515e-06,0.014167252,8.921221e-05,0.0011113421,0.0023704476,535,0,0.12555327,0.28631067,0.004231128,0.0044694073,0.032304484,0.00060658174,0.0,0.0,0.0,0.055999998,1310996,1310996,6620172,197388,0,0,895,2,1,2,0,2,0,0,0,0,0,0,0
28712000,28712000,2.1041854e-11,5.8765672e-06,0.010385149,6.708231e-05,0.0024907528,0.0062993336,1049111,0,0.12521647,0.28630427,0.004902987,0.008468838,0.029396132,1.1754944e-38,0.0,0.0,0.0,0.055999998,1310996,1310996,6620172,197388,0,0,895,2,1,2,0,2,0,0,0,0,0,0,0
28908000,28900000,2.0116566e-11,5.6134086e-06,0.0065155933,7.474006e-05,0.0017235837,0.0042260527,1049111,0,0.12389855,0.2856564,0.00054942176,0.0016528439,0.021037996,1.1754944e-38,0.0,0.0,0.0,0.055999998,1310996,1310996,6620172,197388,0,0,895,2,1,2,0,2,0,0,0,0,0,0,0
29104000,29100000,2.066041e-11,5.5502414e-06,0.005747906,4.6364818e-05,0.0012811049,0.0024250452,1049111,0,0.12325504,0.28628618,0.00261153,0.0070844567,0.03358092,1.1754944e-38,0.0,0.0,0.0,0.055999998,1310996,1310996,6620172,197388,0,0,895,2,1,2,0,2,0,0,0,0,0,0,0
29312000,29312000,1.9816078e-11,5.4944458e-06,0.004677415,4.6969624e-05,0.001261884,0.0025184958,1049111,0,0.12327398,0.28531408,0.006223904,0.001682181,0.0140684275,0.0009474587,0.0,0.0,0.0,0.055999998,1310996,1310996,6620172,197388,0,0,895,2,1,2,0,2,0,0,0,0,0,0,0
29500000,29500000,2.0003213e-11,5.249759e-06,0.0029573315,4.0196635e-05,0.0010701091,0.0018899922,1049111,0,0.1222335,0.28563088,0.003226069,0.0014362592,0.029769149,1.1754944e-38,0.0,0.0,0.0,0.055999998,1310996,1310996,6620172,197388,0,0,895,2,1,2,0,2,0,0,0,0,0,0,0
29708000,29700000,2.0307872e-11,5.3008343e-06,0.0018356174,6.997161e-05,0.0016071434,0.00348779,1049111,0,0.12185309,0.28530288,0.005328287,0.0017788267,0.02868351,1.1754944e-38,0.0,0.0,0.0,0.055999998,1310996,1310996,6620172,197388,0,0,895,2,1,2,0,2,0,0,0,0,0,0,0
29908000,29900000,1.7784513e-11,4.9732384e-06,0.001155374,4.529324e-05,0.0009944593,0.0022888393,1049111,0,0.121573925,0.28497723,0.0033071812,0.0022757226,0.0196496,1.1754944e-38,0.0,0.0,0.0,0.055999998,1310996,1310996,6620172,197388,0,0,895,2,1,2,0,2,0,0,0,0,0,0,0
30100000,30100000,1.9621966e-11,5.2237338e-06,0.0020868354,8.491246e-05,0.0010802656,0.002205756,1049111,0,0.12132674,0.2846546,0.0012640195,0.0077365143,0.02587666,0.00059877016,0.0,0.0,0.0,0.055999998,1310996,1310996,6620172,197388,0,0,895,2,1,2,0,2,0,0,0,0,0,0,0
30312000,30312000,1.805446e-11,5.271881e-06,0.001269821,4.4636894e-05,0.0011852764,0.002741511,68157975,0,0.121602505,0.28463355,0.00365804,0.001334257,0.02052687,1.1754944e-38,0.0,0.0,0.0,0.055999998,1310996,1310996,6620172,197388,0,0,895,2,1,2,0,2,0,0,0,0,0,0,0
30500000,30500000,1.8675103e-11,5.1712004e-06,0.00083946285,9.384319e-05,0.00073148124,0.00218223,68157975,0,0.12085239,0.28496215,0.0030139773,0.009222063,0.02326662,1.1754944e-38,0.0,0.0,0.0,0.055999998,1310996,1310996,6620172,197388,0,0,895,2,1,2,0,2,0,0,0,0,0,0,0
30712000,30712000,2.1772344e-11,5.6520407e-06,0.000539624,3.0099029e-05,0.00077306386,0.0019464055,68157975,0,0.121206805,0.2849446,0.0007635116,0.0015364425,0.010130421,0.00097356463,0.0,0.0,0.0,0.055999998,1310996,1310996,6620172,197388,0,0,895,2,1,2,0,2,0,0,0,0,0,0,0
30900000,30900000,2.117072e-11,5.594545e-06,0.0003798453,3.8555114e-05,0.0009447134,0.0022605008,68157975,0,0.12052666,0.28434324,0.0032665976,0.0017390653,0.01859372,1.1754944e-38,0.0,0.0,0.0,0.055999998,1310996,1310996,6620172,197388,0,0,895,2,1,2,0,2,0,0,0,0,0,0,0
31104000,31100000,2.104321e-11,5.462235e-06,0.00027937375,4.4031818e-05,0.0013292979,0.0038361843,68157975,0,0.1204257,0.2840404,0.00398239,0.0035051918,0.02229607,1.1754944e-38,0.0,0.0,0.0,0.055999998,1310996,1310996,6620172,197388,0,0,895,2,1,2,0,2,0,0,0,0,0,0,0
31304000,31300000,2.0255237e-11,5.3167632e-06,0.00022595296,4.5045694e-05,0.0013888659,0.0031265102,68157975,0,0.12036389,0.28374568,0.005957201,0.002163998,0.034694403,0.00154758,0.0,0.0,0.0,0.055999998,1310996,1310996,6620172,197388,0,0,895,2,1,2,0,2,0,0,0,0,0,0,0
31508000,31500000,2.1353306e-11,5.482471e-06,0.00018385137,0.0001041762,0.0015755467,0.0023501967,68157975,0,0.12033542,0.28345978,0.006892712,0.008209588,0.026889391,0.0010044236,0.0,0.0,0.0,0.055999998,1310996,1310996,6620172,197388,0,0,895,2,1,2,0,2,0,0,0,0,0,0,0
31708000,31700000,1.9828432e-11,5.316856e-06,0.00015827615,4.0160197e-05,0.00043293994,0.00072096614,68157975,0,0.12033478,0.28411466,0.002798875,0.001498786,0.006936879,0.00012253984,0.0,0.0,0.0,0.055999998,1310996,1310996,6620172,197388,0,0,895,2,1,2,0,2,0,0,0,0,0,0,0
31908000,31900000,1.9864763e-11,5.4311113e-06,0.00014171314,4.3082193e-05,0.0014058155,0.0030927088,68157975,0,0.12033958,0.2838447,0.00063955114,0.0015376513,0.01602724,1.1754944e-38,0.0,0.0,0.0,0.055999998,1310996,1310996,6620172,197388,0,0,895,2,1,2,0,2,0,0,0,0,0,0,0
32108000,32096000,1.8774579e-11,5.2923783e-06,0.00013121453,1.3730836e-05,0.00118079,0.0024560117,68157975,0,0.1198156,0.28328875,0.008918011,0.0043542734,0.029317657,1.1754944e-38,0.0,0.0,0.0,0.06,1310996,1310996,6620172,197388,0,0,895,2,1,2,0,2,0,0,0,0,0,0,0
32304000,32304000,1.9976583e-11,5.281622e-06,0.0019479382,8.367869e-05,0.00079428457,0.0026646901,68157975,0,0.12033885,0.2833343,0.007758416,0.002836157,0.0039145155,0.0008241061,0.0,0.0,0.0,0.06,1310996,1310996,6620172,197388,0,0,895,2,1,2,0,2,0,0,0,0,0,0,0
32508000,32504000,1.8037518e-11,5.1207376e-06,0.0012353618,8.3993924e-05,0.001313619,0.0021717635,68157975,0,0.12031406,0.28309304,0.0043247095,0.010568144,0.025755873,0.00085169834,0.0,0.0,0.0,0.06,1310996,1310996,6620172,197388,0,0,895,2,1,2,0,2,0,0,0,0,0,0,0
32708000,32704000,1.860227e-11,5.2426562e-06,0.00079541194,5.5487548e-05,0.0013894929,0.00236053,68157975,0,0.12032961,0.2828615,0.00027597856,0.005125156,0.01544227,1.1754944e-38,0.0,0.0,0.0,0.06,1310996,1310996,6620172,197388,0,0,895,2,1,2,0,2,0,0,0,0,0,0,0
32912000,32904000,1.8237063e-11,5.2804726e-06,0.00052440166,4.347552e-05,0.0014506532,0.0034110122,68157975,0,0.12034436,0.28263864,0.0039773537,0.0019838498,0.016701458,6.344307e-05,0.0,0.0,0.0,0.06,1310996,1310996,6620172,197388,0,0,895,2,1,2,0,2,0,0,0,0,0,0,0
33104000,33104000,1.8754253e-11,5.3968433e-06,0.0015955825,3.194284e-05,0.0010589552,0.0023502656,68157975,0,0.120339364,0.2824234,0.0026220614,0.0045198994,0.029126529,0.0013662055,0.0,0.0,0.0,0.06,1310996,1310996,6620172,197388,0,0,895,2,1,2,0,2,0,0,0,0,0,0,0
33304000,33304000,2.012858e-11,5.496508e-06,0.0010416417,3.8850118e-05,0.001483679,0.0040153954,68157975,0,0.12031633,0.2831391,0.00040498594,0.006718318,0.014521747,1.1754944e-38,0.0,0.0,0.0,0.06,1310996,1310996,6620172,197388,0,0,895,2,1,2,0,2,0,0,0,0,0,0,0
33508000,33500000,2.0194362e-11,5.4713214e-06,0.00069221883,4.5070137e-05,0.0015760898,0.003276347,68157975,0,0.11978213,0.28263342,0.0017965309,0.0023174149,0.031521246,1.1754944e-38,0.0,0.0,0.0,0.064,1310996,1310996,6620172,197388,0,0,895,2,1,2,0,2,0,0,0,0,0,0,0
33708000,33700000,2.0418476e-11,5.3607946e-06,0.00048392086,6.292834e-05,0.0015948227,0.0030876938,1049239,0,0.11981667,0.2824384,0.0034915195,0.0050909435,0.021134738,1.1515486e-05,0.0,0.0,0.0,0.064,1310996,1310996,6620172,197388,0,0,895,2,1,2,0,2,0,0,0,0,0,0,0
33908000,33908000,2.6880312e-11,5.8679434e-06,0.001951483,3.0285997e-05,0.001131107,0.0023635072,1049239,0,0.120471284,0.2825583,0.003353448,0.007804868,0.023585444,1.1754944e-38,0.0,0.0,0.0,0.064,1310996,1310996,6620172,197388,0,0,895,2,1,2,0,2,0,0,0,0,0,0,0
34112000,34108000,3.1102426e-11,6.03335e-06,0.0033592733,3.0807903e-05,0.0019252097,0.0025658498,1049239,0,0.1201372,0.2820744,0.008278866,0.007593372,0.014609842,1.1754944e-38,0.0,0.0,0.0,0.072,1310996,1310996,6620172,197388,0,0,895,2,1,2,0,2,0,0,0,0,0,0,0
34304000,34300000,4.8510904e-11,5.77057e-06,0.0021579945,5.8238307e-05,0.0009699361,0.0008042286,1049239,0,0.119946994,0.28251773,0.0006383841,0.0025944347,0.027625522,1.1754944e-38,0.0,0.0,0.0,0.076,1310996,1310996,6620172,197388,0,0,895,2,1,2,0,2,0,0,0,0,0,0,0
34516000,34512000,8.3470175e-11,6.747822e-06,0.002622573,2.84777e-05,0.001847163,0.0014878879,1049239,0,0.11803339,0.28201282,0.0040588435,0.0007619532,0.013173667,0.0011187583,0.0,0.0,0.0,0.076,1310996,1310996,6620172,197388,0,0,895,2,1,2,0,2,0,0,0,0,0,0,0
34708000,34700000,1.3452423e-10,6.1156143e-06,0.001710401,3.7524234e-05,0.0010372268,0.0018602884,1049239,0,0.12096362,0.28219917,0.0031090474,0.0007481848,0.025242189,1.1754944e-38,0.0,0.0,0.0,0.076,1310996,1310996,6620172,197388,0,0,895,2,1,2,0,2,0,0,0,0,0,0,0
34916000,34912000,2.900226e-10,9.991959e-06,0.0022053628,3.8691902e-05,0.003942415,0.006173325,1049239,0,0.12202163,0.28235647,0.005672488,0.048364047,0.021423295,1.1754944e-38,0.0,0.0,0.0,0.076,1310996,1310996,6620172,197388,0,0,895,2,1,2,0,2,0,0,0,0,0,0,0
35104000,35100000,4.528898e-10,8.872103e-06,0.0014265048,4.315819e-05,0.0058049266,0.010059911,1049239,0,0.12160976,0.28189465,0.0073659634,0.00419065,0.022772258,1.1754944e-38,0.0,0.0,0.0,0.076,1310996,1310996,6620172,197388,0,0,895,2,1,2,0,2,0,0,0,0,0,0,0
35300000,35300000,3.5239156e-10,9.096995e-06,0.0023908268,7.103576e-05,0.0018699714,0.003537818,1049239,0,0.121925324,0.28175163,0.008015827,0.0043296497,0.006039405,1.1754944e-38,0.0,0.0,0.0,0.076,1310996,1310996,6620172,197388,0,0,895,2,1,2,0,2,0,0,0,0,0,0,0
35512000,35512000,2.6684963e-10,7.653709e-06,0.0014518244,4.6506688e-05,0.0020228557,0.003841754,1049239,0,0.12273133,0.28191993,0.0022314664,0.006943575,0.014362685,1.1754944e-38,0.0,0.0,0.0,0.076,1310996,1310996,6620172,197388,0,0,895,2,1,2,0,2,0,0,0,0,0,0,0
35700000,35700000,2.2706398e-10,6.910673e-06,0.00094972085,2.1024753e-05,0.0016564801,0.0027966974,1049239,0,0.122126326,0.28238294,0.007279814,0.0047524017,0.025548859,1.1754944e-38,0.0,0.0,0.0,0.076,1310996,1310996,6620172,197388,0,0,895,2,1,2,0,2,0,0,0,0,0,0,0
35900000,35900000,1.6933213e-10,6.2528343e-06,0.00062125974,7.071212e-05,0.0020118377,0.0036704643,1049239,0,0.12217117,0.28224388,0.0024984123,0.004059094,0.026269639,1.1754944e-38,0.0,0.0,0.0,0.076,1310996,1310996,6620172,197388,0,0,895,2,1,2,0,2,0,0,0,0,0,0,0
36108000,36100000,1.2903177e-10,5.7936127e-06,0.0004205175,1.8947809e-05,0.0010390508,0.003841474,1049239,0,0.122291304,0.28210872,0.00056787144,0.010435766,0.038086716,1.1754944e-38,0.0,0.0,0.0,0.076,1310996,1310996,6620172,197388,0,0,895,2,1,2,0,2,0,0,0,0,0,0,0
36308000,36300000,1.0944506e-10,5.704617e-06,0.00030043157,1.7851771e-05,0.0012589787,0.003815282,1049239,0,0.122363724,0.28197584,0.007997269,0.008177632,0.026704608,2.8897672e-05,0.0,0.0,0.0,0.076,1310996,1310996,6620172,197388,0,0,895,2,1,2,0,2,0,0,0,0,0,0,0
36508000,36500000,1.370289e-10,5.7461834e-06,0.0002301336,1.5810612e-05,0.0022480555,0.0054430673,663,0,0.12239507,0.28184482,0.0019144047,0.014188421,0.022200782,0.0006359633,0.0,0.0,0.0,0.076,1310996,1310996,6620172,197388,0,0,895,2,1,2,0,2,0,0,0,0,0,0,0
36712000,36712000,1.0846425e-10,5.7984867e-06,0.0013619896,6.243212e-05,0.0021916388,0.005076875,663,0,0.12296326,0.28203428,0.0010313791,0.008202619,0.016721964,0.0016625916,0.0,0.0,0.0,0.076,1310996,1310996,6620172,197388,0,0,895,2,1,2,0,2,0,0,0,0,0,0,0
36912000,36912000,1.0677101e-10,5.732864e-06,0.0008705094,3.983891e-05,0.0026270926,0.0050065313,663,0,0.122830965,0.2828238,0.0057365904,0.011877285,0.018414699,0.0009875118,0.0,0.0,0.0,0.076,1310996,1310996,6620172,197388,0,0,895,2,1,2,0,2,0,0,0,0,0,0,0
37112000,37112000,8.2020786e-11,5.461161e-06,0.00057395257,6.055926e-05,0.0026211785,0.004803244,663,0,0.12268932,0.28269213,7.591425e-05,0.007054895,0.01639598,1.7816707e-05,0.0,0.0,0.0,0.076,1310996,1310996,6620172,197388,0,0,895,2,1,2,0,2,0,0,0,0,0,0,0
37300000,37300000,9.2971665e-11,5.6728304e-06,0.00040010913,9.778992e-05,0.0012921176,0.0028944071,663,0,0.121949084,0.28224066,0.010551462,0.0059588915,0.013076452,0.0010550922,0.0,0.0,0.0,0.076,1310996,1310996,6620172,197388,0,0,895,2,1,2,0,2,0,0,0,0,0,0,0
37512000,37512000,9.123229e-11,5.5002592e-06,0.00028535386,2.9360413e-05,0.0011862053,0.001954957,663,0,0.12238471,0.2824315,0.0002881777,0.004013087,0.013657675,0.0001427497,0.0,0.0,0.0,0.076,1310996,1310996,6620172,197388,0,0,895,2,1,2,0,2,0,0,0,0,0,0,0
37712000,37712000,8.476484e-11,5.5195737e-06,0.00021634613,6.9905104e-06,0.0013361,0.0014673144,663,0,0.12222522,0.28230232,0.0002680268,0.004348938,0.022678718,0.0006137994,0.0,0.0,0.0,0.076,1310996,1310996,6620172,197388,0,0,895,2,1,2,0,2,0,0,0,0,0,0,0
37916000,37900000,9.142753e-11,5.311356e-06,0.00018378579,1.2228571e-05,0.002426933,0.0038572694,663,0,0.1215595,0.28277153,0.0065377634,0.006349864,0.022708882,0.0001507899,0.0,0.0,0.0,0.076,1310996,1310996,6620172,197388,0,0,895,2,1,2,0,2,0,0,0,0,0,0,0
38108000,38092000,1.2670191e-10,5.280812e-06,0.00015585464,2.4387658e-05,0.0016521508,0.002834653,663,0,0.1209205,0.28232294,0.0023842403,0.009536256,0.017464016,0.00164544,0.0,0.0,0.0,0.076,1310996,1310996,6620172,197388,0,0,895,2,1,2,0,2,0,0,0,0,0,0,0
38312000,38312000,1.2870167e-10,6.4922624e-06,0.0025508779,3.36134e-05,0.0018597223,0.0032592143,663,0,0.12192085,0.28191873,0.005319932,0.012607844,0.035529826,0.00086040667,0.0,0.0,0.0,0.076,1310996,1310996,6620172,197388,0,0,895,2,1,2,0,2,0,0,0,0,0,0,0
38504000,38500000,1.3432665e-10,6.266931e-06,0.0016342433,2.7924703e-05,0.0023346243,0.0044116485,663,0,0.12114371,0.28238195,0.00011541864,0.003771447,0.013245127,0.0010287984,0.0,0.0,0.0,0.076,1310996,1310996,6620172,197388,0,0,895,2,1,2,0,2,0,0,0,0,0,0,0
38704000,38700000,1.5079318e-10,5.871552e-06,0.0010340839,1.8499988e-05,0.0015713541,0.004739817,663,0,0.1208926,0.28223696,0.00367452,0.005114284,0.0109919775,0.00091885333,0.0,0.0,0.0,0.076,1310996,1310996,6620172,197388,0,0,831,2,1,2,0,2,0,0,0,0,0,0,0
38908000,38900000,1.3805947e-10,5.506573e-06,0.0006737271,3.7035505e-05,0.0013552619,0.0036987136,663,0,0.12063305,0.2820841,0.0056585185,0.00729311,0.007870635,0.0005814241,0.0,0.0,0.0,0.076,1310996,1310996,6620172,197388,0,0,831,2,1,2,0,2,0,0,0,0,0,0,0
39100000,39100000,1.5058774e-10,6.736731e-06,0.001837583,2.79424e-05,0.0007254947,0.0013681526,663,0,0.1204388,0.281924,0.0018894261,0.003666432,0.018858958,0.00014600839,0.0,0.0,0.0,0.076,1310996,1310996,6620172,197388,0,0,831,2,1,2,0,2,0,0,0,0,0,0,0
39316000,39312000,1.2759392e-10,6.2629947e-06,0.0011291547,3.8876125e-05,0.001467917,0.0031439532,663,0,0.1182138,0.28142202,0.0095511265,0.0072906166,0.029186629,0.0010653087,0.0,0.0,0.0,0.076,1310996,1310996,6620172,197388,0,0,831,2,1,2,0,2,0,0,0,0,0,0,0
39504000,39500000,1.0222434e-10,5.9487697e-06,0.0007484006,1.6590162e-05,0.0013162141,0.0037345157,663,0,0.12022801,0.28250036,0.0036575075,0.0043011713,0.009923347,0.00013579751,0.0,0.0,0.0,0.076,1310996,1310996,6620172,197388,0,0,831,2,1,2,0,2,0,0,0,0,0,0,0
39704000,39700000,1.5204264e-10,6.0892394e-06,0.00049905037,8.139228e-05,0.0016818045,0.0030343973,663,0,0.120285,0.28232142,0.010080829,0.004506172,0.032868773,0.0018598775,0.0,0.0,0.0,0.076,1310996,1310996,6620172,197388,0,0,831,2,1,2,0,2,0,0,0,0,0,0,0
39908000,39900000,1.445316e-10,5.8832115e-06,0.00034816025,5.4353146e-05,0.0018441307,0.003368367,663,0,0.120443076,0.28213918,0.0028057306,0.0050814915,0.016291576,0.0007591634,0.0,0.0,0.0,0.076,1310996,1310996,6620172,197388,0,0,831,2,1,2,0,2,0,0,0,0,0,0,0
40104000,40100000,1.1624764e-10,6.2097547e-06,0.0014036495,7.3133655e-05,0.0028278583,0.005064331,663,0,0.12058634,0.28195244,0.0003319966,0.005591283,0.018840421,0.002091931,0.0,0.0,0.0,0.076,1310996,1310996,6620172,197388,0,0,831,2,1,2,0,2,0,0,0,0,0,0,0
40304000,40304000,1.085341e-10,6.3969273e-06,0.002157565,2.3961496e-05,0.0013160015,0.0031473993,663,0,0.120763,0.28176457,0.0015093373,0.007583105,0.008005906,0.0007904471,0.0,0.0,0.0,0.08,1310996,1310996,6620172,197388,0,0,831,2,1,2,0,2,0,0,0,0,0,0,0
40504000,40504000,8.718044e-11,5.810737e-06,0.0013507159,8.448126e-05,0.0023700066,0.0051173884,663,0,0.12090843,0.282494,0.0029482085,0.0033932352,0.031824127,0.0016095688,0.0,0.0,0.0,0.08,1310996,1310996,6620172,197388,0,0,831,2,1,2,0,2,0,0,0,0,0,0,0
40704000,40704000,1.00869674e-10,5.697597e-06,0.0008690355,6.0775994e-05,0.001503866,0.0035378442,663,0,0.12103943,0.28230673,0.008711935,0.004263559,0.03193768,0.0003454678,0.0,0.0,0.0,0.08,1310996,1310996,6620172,197388,0,0,831,2,1,2,0,2,0,0,0,0,0,0,0
40916000,40916000,1.0227367e-10,5.623813e-06,0.0005612929,4.6584013e-05,0.0014411065,0.003396118,663,0,0.11884921,0.2818129,0.0016009901,0.005247084,0.02671967,0.00064357696,0.0,0.0,0.0,0.08,1310996,1310996,6620172,197388,0,0,831,2,1,2,0,2,0,0,0,0,0,0,0
41112000,41108000,9.783467e-11,5.4233346e-06,0.00039231108,3.9575243e-05,0.0011441519,0.002031364,663,0,0.121257305,0.28193456,0.0010505083,0.0072774906,0.013918798,0.0010259834,0.0,0.0,0.0,0.084,1310996,1310996,6620172,197388,0,0,831,2,1,2,0,2,0,0,0,0,0,0,0
41312000,41308000,9.834165e-11,5.458364e-06,0.0002846206,5.934366e-05,0.0015442272,0.002730569,663,0,0.121357925,0.28175756,0.0028549132,0.0033235443,0.036161873,0.0007956727,0.0,0.0,0.0,0.084,1310996,1310996,6620172,197388,0,0,831,2,1,2,0,2,0,0,0,0,0,0,0
41512000,41508000,1.0198204e-10,5.524706e-06,0.00021856585,7.3319046e-05,0.0025847042,0.0051326174,663,0,0.12142886,0.28158253,0.007743929,0.008277189,0.030534295,0.00078111293,0.0,0.0,0.0,0.084,1310996,1310996,6620172,197388,0,0,831,2,1,2,0,2,0,0,0,0,0,0,0
41704000,41700000,1.107509e-10,5.2869573e-06,0.00017974063,6.4381624e-05,0.0022465857,0.0038363663,663,0,0.12089236,0.28202868,0.0041125445,0.0050272266,0.013696901,0.002907163,0.0,0.0,0.0,0.084,1310996,1310996,6620172,197388,0,0,831,2,1,2,0,2,0,0,0,0,0,0,0
41908000,41908000,9.1888046e-11,5.8464675e-06,0.0024211942,4.781301e-05,0.002070399,0.0031970674,663,0,0.12093546,0.2818626,0.0025848006,0.008039755,0.024025183,0.00037437194,0.0,0.0,0.0,0.084,1310996,1310996,6620172,197388,0,0,831,2,1,2,0,2,0,0,0,0,0,0,0
42104000,42104000,1.0774678e-10,6.893126e-06,0.0034615418,5.7042565e-05,0.0009767077,0.0025546486,663,0,0.12095572,0.2816994,0.0032463118,0.0023101866,0.019883072,0.0043201484,0.0,0.0,0.0,0.088,1310996,1310996,6620172,197388,0,0,831,2,1,2,0,2,0,0,0,0,0,0,0
42316000,42308000,9.72279e-11,6.0556017e-06,0.0021463276,7.200208e-05,0.0010048815,0.001082521,663,0,0.12097492,0.28154346,0.0017960799,0.0041788584,0.010003582,0.0022729586,0.0,0.0,0.0,0.092,1310996,1310996,6620172,197388,0,0,831,2,1,2,0,2,0,0,0,0,0,0,0
42508000,42508000,9.458981e-11,6.2900785e-06,0.004167044,3.8060934e-05,0.0010630079,0.001749192,663,0,0.12101293,0.2813916,0.0013450483,0.002612936,0.009994555,0.0033632547,0.0,0.0,0.0,0.092,1310996,1310996,6620172,197388,0,0,831,2,1,2,0,2,0,0,0,0,0,0,0
42708000,42708000,8.4630664e-11,5.789442e-06,0.0025656894,5.5574772e-05,0.0010760082,0.0018537926,663,0,0.12100882,0.2812441,0.0018818702,0.0050264522,0.004662735,0.0026786008,0.0,0.0,0.0,0.092,1310996,1310996,6620172,197388,0,0,831,2,1,2,0,2,0,0,0,0,0,0,0
42900000,42896000,9.1151434e-11,5.541179e-06,0.0016372764,3.3434266e-05,0.0020838096,0.0038330245,663,0,0.12045438,0.28171244,0.0018294199,0.0073040677,0.019760562,0.001314534,0.0,0.0,0.0,0.092,1310996,1310996,6620172,197388,0,0,831,2,1,2,0,2,0,0,0,0,0,0,0
43100000,43096000,9.830207e-11,5.4020707e-06,0.0010343542,3.9823648e-05,0.0005121337,0.001033664,663,0,0.120440096,0.28157225,0.003662384,0.008268723,0.018411338,0.00057840114,0.0,0.0,0.0,0.092,1310996,1310996,6620172,197388,0,0,831,2,1,2,0,2,0,0,0,0,0,0,0
43304000,43296000,1.03492416e-10,5.3451636e-06,0.0006723319,4.1086285e-05,0.0009829799,0.0023737364,663,0,0.120411865,0.2814363,0.007131052,0.0063211904,0.024513394,0.0026618957,0.0,0.0,0.0,0.092,1310996,1310996,6620172,197388,0,0,831,2,1,2,0,2,0,0,0,0,0,0,0
43508000,43508000,9.1435866e-11,5.9340155e-06,0.0024516862,5.0190043e-05,0.0011360177,0.003023334,663,0,0.12091706,0.28160986,0.0039772997,0.00795216,0.01978433,0.0004899642,0.0,0.0,0.0,0.092,1310996,1310996,6620172,197388,0,0,831,2,1,2,0,2,0,0,0,0,0,0,0
43704000,43696000,7.9483774e-11,5.5427945e-06,0.0015691448,2.2090295e-05,0.0013892236,0.0035630947,663,0,0.12033052,0.28117573,0.008397755,0.0026924913,0.017452462,0.0015478896,0.0,0.0,0.0,0.092,1310996,1310996,6620172,197388,0,0,831,2,1,2,0,2,0,0,0,0,0,0,0
43908000,43908000,8.486063e-11,6.326808e-06,0.0022942591,1.1461846e-05,0.0008264497,0.002018464,663,0,0.120818265,0.28135824,0.0069557885,0.009856602,0.01780339,0.0018898908,0.0,0.0,0.0,0.092,1310996,1310996,6620172,197388,0,0,831,2,1,2,0,2,0,0,0,0,0,0,0
44108000,44108000,8.739734e-11,5.976979e-06,0.0014389657,3.2381053e-05,0.0016911114,0.003571129,663,0,0.120763734,0.2812369,0.0021801565,0.0017450968,0.020584382,0.0030125573,0.0,0.0,0.0,0.092,1310996,1310996,6620172,197388,0,0,831,2,1,2,0,2,0,0,0,0,0,0,0
44304000,44296000,9.013067e-11,5.881731e-06,0.0009386526,4.3257012e-05,0.0015115953,0.0030087186,663,0,0.12017373,0.28171858,0.0040951045,0.0039748456,0.02275549,0.0025476087,0.0,0.0,0.0,0.092,1310996,1310996,6620172,197388,0,0,831,2,1,2,0,2,0,0,0,0,0,0,0
44504000,44496000,1.11327565e-10,5.83304e-06,0.000618365,4.7743477e-05,0.0010680828,0.0018764382,663,0,0.120119855,0.28160003,0.00027485026,0.0027805618,0.018137103,0.0025145712,0.0,0.0,0.0,0.092,1310996,1310996,6620172,197388,0,0,831,2,1,2,0,2,0,0,0,0,0,0,0
44716000,44716000,1.4093156e-10,7.7464665e-06,0.003335987,3.9085946e-05,0.0010616289,0.003191488,663,0,0.121132284,0.28211027,0.0015978814,0.0043585673,0.016294055,0.005699464,0.0,0.0,0.0,0.092,1310996,1310996,6620172,197388,0,0,831,2,1,2,0,2,0,0,0,0,0,0,0
44904000,44896000,1.4731e-10,7.084709e-06,0.0021643625,4.6348712e-05,0.0013889989,0.0024954667,663,0,0.11999958,0.28136396,0.008075752,0.0051084952,0.023802703,0.0014214275,0.0,0.0,0.0,0.092,1310996,1310996,6620172,197388,0,0,831,2,1,2,0,2,0,0,0,0,0,0,0
45116000,45112000,1.2625276e-10,6.608963e-06,0.0023196791,4.6780646e-05,0.0006131071,0.0010437638,663,0,0.12048241,0.28156075,0.0037943358,0.0029922524,0.024789019,0.0014844419,0.0,0.0,0.0,0.096,1310996,1310996,6620172,197388,0,0,831,2,1,2,0,2,0,0,0,0,0,0,0
45308000,45308000,1.219463e-10,1.0236544e-05,0.008737849,3.4373064e-05,0.00038950163,0.000489806,663,0,0.119430184,0.28082383,0.003894783,0.0025673741,0.016294265,0.002274937,0.0,0.0,0.0,0.1,1310996,1310996,6620172,197388,0,0,831,2,1,2,0,2,0,0,0,0,0,0,0
45512000,45504000,1.2976699e-10,8.309912e-06,0.005383629,2.9733004e-05,0.00068094884,0.0016984948,663,0,0.11998899,0.28194088,0.0011009909,0.0048296056,0.0048900465,0.000195987,0.0,0.0,0.0,0.1,1310996,1310996,6620172,197388,0,0,831,2,1,2,0,2,0,0,0,0,0,0,0
45712000,45712000,1.1728862e-10,8.154217e-06,0.006774846,2.4044519e-05,0.001021372,0.0033069241,663,0,0.12002146,0.2818171,0.0026709267,0.0056157843,0.008834192,0.0008704218,0.0,0.0,0.0,0.1,1310996,1310996,6620172,197388,0,0,831,2,1,2,0,2,0,0,0,0,0,0,0
45908000,45908000,5.4315635e-10,1.6481677e-05,0.0042506647,1.9778416e-05,0.00044027323,0.002522147,663,0,0.12005716,0.28168142,0.0037990808,0.0028490836,0.016917162,0.0024637228,0.0,0.0,0.0,0.104,1310996,1310996,6620172,197388,0,0,831,2,1,2,0,2,0,0,0,0,0,0,0
46108000,46100000,1.4238043e-07,7.651321e-05,0.0027865372,0.00036428287,0.008347766,0.013944951,663,0,0.11960613,0.28123596,0.014236243,0.07665899,0.012381252,0.0010592295,0.0,0.0,0.0,0.104,1310996,1310996,6620172,197388,0,0,831,2,1,2,0,2,0,0,0,0,0,0,0
46308000,46300000,3.8977188e-07,0.00035698214,0.0041137785,0.0024195907,0.036053624,0.035814118,663,0,0.119749516,0.28199792,0.014811408,0.19174044,0.007653986,0.0036287934,0.0,0.0,0.0,0.104,1310996,1310996,6620172,197388,0,0,831,2,1,2,0,2,0,0,0,0,0,0,0
46508000,46508000,8.592235e-07,0.00039741505,0.0035272404,0.002471525,0.049914718,0.043765355,663,0,0.12045468,0.28213912,0.04489542,0.11733823,0.029160641,0.004947449,0.0,0.0,0.0,0.104,1310996,1310996,6620172,197388,0,0,831,2,1,2,0,2,0,0,0,0,0,0,0
46712000,46708000,8.580589e-07,0.0003274277,0.0023431384,0.0018078428,0.021571197,0.040184345,663,0,0.12063276,0.28197598,0.023067215,0.18625486,0.024340235,0.0015046644,0.0,0.0,0.0,0.104,1310996,1310996,6620172,197388,0,0,831,2,1,2,0,2,0,0,0,0,0,0,0
46904000,46900000,5.627883e-07,0.00023244218,0.0015787769,0.0034973426,0.055940606,0.044423167,663,0,0.120238006,0.28151068,0.0013137868,0.1914134,0.0035036847,0.0004293441,0.0,0.0,0.0,0.104,1310996,1310996,6620172,197388,0,0,831,2,1,2,0,2,0,0,0,0,0,0,0
47108000,47108000,4.0716026e-07,0.0002544616,0.004507298,0.0034950771,0.079484545,0.069492266,663,0,0.12040686,0.28133762,0.005429422,0.20980752,0.015713872,0.0012187167,0.0,0.0,0.0,0.104,1310996,1310996,6620172,197388,0,0,831,2,1,2,0,2,0,0,0,0,0,0,0
47308000,47308000,3.9385398e-07,0.0006020361,0.007262093,0.003102359,0.08494089,0.081981964,663,0,0.12054749,0.28115705,0.011437977,0.16972068,0.028683705,0.0011509228,0.0,0.0,0.0,0.104,1310996,1310996,6620172,197388,0,0,831,2,1,2,0,2,0,0,0,0,0,0,0
47508000,47508000,4.9784705e-07,0.00044716336,0.0045974175,0.0009473203,0.04673915,0.0518633,663,0,0.12124803,0.2812671,0.044056416,0.024183532,0.015472961,0.0025145547,0.0,0.0,0.0,0.104,1310996,1310996,6620172,197388,0,0,831,2,1,2,0,2,0,0,0,0,0,0,0
47708000,47708000,4.2706228e-07,0.0003024598,0.0029045886,0.001628445,0.012049617,0.012735437,663,0,0.121320486,0.2819916,0.027410202,0.15964502,0.024659563,0.0030975412,0.0,0.0,0.0,0.104,1310996,1310996,6620172,197388,0,0,831,2,1,2,0,2,0,0,0,0,0,0,0
47908000,47900000,4.859574e-07,0.00026900286,0.0019738663,0.003451762,0.07124158,0.06159193,663,0,0.1207823,0.2815129,0.021916606,0.29888812,0.022769656,0.0032198834,0.0,0.0,0.0,0.104,1310996,1310996,6620172,197388,0,0,831,2,1,2,0,2,0,0,0,0,0,0,0
48108000,48108000,7.5673165e-07,0.001048304,0.007432622,0.0035737425,0.0988303,0.0897851,663,0,0.120269634,0.28103423,0.023684612,0.17793594,0.021035263,0.0004562886,0.0,0.0,0.0,0.104,1310996,1310996,6620172,197388,0,0,831,2,1,2,0,2,0,0,0,0,0,0,0
48308000,48308000,1.2121964e-06,0.0007848441,0.004702261,0.00073210034,0.041529693,0.051266864,663,0,0.12145348,0.28141764,0.04145518,0.18507197,0.023425873,8.104536e-05,0.0,0.0,0.0,0.104,1310996,1310996,6620172,197388,0,0,831,2,1,2,0,2,0,0,0,0,0,0,0
48508000,48508000,1.1398769e-06,0.0005703378,0.002994364,0.0032790536,0.03842746,0.02628489,663,0,0.12147054,0.28122,0.0064188545,0.24984829,0.027310744,0.0015233456,0.0,0.0,0.0,0.104,1310996,1310996,6620172,197388,0,0,831,2,1,2,0,2,0,0,0,0,0,0,0
48708000,48708000,8.808168e-07,0.00039535822,0.0019778076,0.0018666956,0.049716435,0.04222309,663,0,0.12145472,0.28102082,0.036375564,0.05068207,0.03270453,0.000722887,0.0,0.0,0.0,0.104,1310996,1310996,6620172,197388,0,0,831,2,1,2,0,2,0,0,0,0,0,0,0
48912000,48908000,5.797983e-07,0.00030599305,0.0013963634,0.0007981304,0.01175968,0.015872616,663,0,0.121427506,0.28082052,0.021292474,0.095105454,0.01950475,0.00040131604,0.0,0.0,0.0,0.104,1310996,1310996,6620172,197388,0,0,831,2,1,2,0,2,0,0,0,0,0,0,0
49108000,49100000,5.961464e-07,0.00026112547,0.0010660865,0.0021067706,0.037207633,0.039962105,663,0,0.12084094,0.28124425,0.020094657,0.21487252,0.031081215,0.0013682249,0.0,0.0,0.0,0.104,1310996,1310996,6620172,197388,0,0,831,2,1,2,0,2,0,0,0,0,0,0,0
49316000,49300000,7.8383584e-07,0.00026420236,0.00086686364,0.0028140212,0.07163483,0.0688716,663,0,0.12082354,0.2810423,0.01988463,0.18841809,0.03197697,6.409807e-05,0.0,0.0,0.0,0.104,1310996,1310996,6620172,197388,0,0,831,2,1,2,0,2,0,0,0,0,0,0,0
49508000,49508000,8.4517853e-07,0.0008378196,0.0035875435,0.0006742881,0.03402862,0.04063287,663,0,0.121386185,0.28112155,0.03522217,0.12611867,0.005444739,0.0002822483,0.0,0.0,0.0,0.104,1310996,1310996,6620172,197388,0,0,831,2,1,2,0,2,0,0,0,0,0,0,0
49708000,49708000,9.801108e-07,0.0006075309,0.0023083594,0.0013783891,0.013555905,0.007708738,663,0,0.121351905,0.28092453,0.033968292,0.09004717,0.016934838,0.0013771347,0.0,0.0,0.0,0.104,1310996,1310996,6620172,197388,0,0,831,2,1,2,0,2,0,0,0,0,0,0,0
49908000,49908000,1.0015473e-06,0.0004994804,0.0016051849,0.00089272496,0.00376245,0.011159046,663,0,0.12129473,0.28072265,0.033199046,0.15071937,0.025614195,0.00046324485,0.0,0.0,0.0,0.104,1310996,1310996,6620172,197388,0,0,831,2,1,2,0,2,0,0,0,0,0,0,0
50108000,50108000,1.1433034e-06,0.00041557784,0.0010974397,0.0006953879,0.009831054,0.014750021,663,0,0.121230565,0.28052112,0.014499874,0.064739496,0.006957082,0.0010140524,0.0,0.0,0.0,0.104,1310996,1310996,6620172,197388,0,0,831,2,1,2,0,2,0,0,0,0,0,0,0
50308000,50308000,1.2017412e-06,0.0003633076,0.00082052173,0.00083422876,0.014285186,0.016046567,663,0,0.12115698,0.2812256,0.04163708,0.12661512,0.0098081045,5.106161e-05,0.0,0.0,0.0,0.104,1310996,1310996,6620172,197388,0,0,831,2,1,2,0,2,0,0,0,0,0,0,0
50512000,50508000,1.1182276e-06,0.00029207114,0.00065591256,0.00094614737,0.016118247,0.016961373,663,0,0.12110165,0.28102607,0.037282877,0.03895599,0.025275186,0.00091628847,0.0,0.0,0.0,0.104,1310996,1310996,6620172,197388,0,0,831,2,1,2,0,2,0,0,0,0,0,0,0
50708000,50700000,7.7725525e-07,0.00025279127,0.00060474843,0.0011394388,0.02260958,0.021966517,663,0,0.12051784,0.28054956,0.007297146,0.15737237,0.031348303,4.7802492e-05,0.0,0.0,0.0,0.104,1310996,1310996,6620172,197388,0,0,831,2,1,2,0,2,0,0,0,0,0,0,0
50904000,50888000,5.344337e-07,0.00021210393,0.00049441005,0.0013474296,0.041923784,0.039155297,663,0,0.11998613,0.28007767,0.020547425,0.09160563,0.030669292,0.0020850538,0.0,0.0,0.0,0.104,1310996,1310996,6620172,197388,0,0,831,2,1,2,0,2,0,0,0,0,0,0,0
51108000,51108000,5.348069e-07,0.0007406359,0.004325524,0.0008684891,0.04159923,0.04396645,663,0,0.1205561,0.28015924,0.021351973,0.11244709,0.0319793,0.0004032777,0.0,0.0,0.0,0.104,1310996,1310996,6620172,197388,0,0,831,2,1,2,0,2,0,0,0,0,0,0,0
51312000,51312000,4.892852e-07,0.0005264453,0.0027385768,0.0015395617,0.05222973,0.057586085,663,0,0.12112131,0.28024992,0.00024571276,0.2045299,0.016985875,0.0023855476,0.0,0.0,0.0,0.108,1310996,1310996,6620172,197388,0,0,831,2,1,2,0,2,0,0,0,0,0,0,0
51512000,51512000,4.7245837e-07,0.0003924567,0.0018948072,0.0012574443,0.050886802,0.057178803,663,0,0.12108091,0.28006455,0.03522556,0.09722398,0.014710523,0.00020533311,0.0,0.0,0.0,0.108,1310996,1310996,6620172,197388,0,0,831,2,1,2,0,2,0,0,0,0,0,0,0
51708000,51704000,4.704873e-07,0.0003450832,0.0013943444,0.00046266217,0.020434562,0.029646724,663,0,0.12048063,0.28050187,0.023019014,0.069160186,0.030699277,0.0015601111,0.0,0.0,0.0,0.108,1310996,1310996,6620172,197388,0,0,831,2,1,2,0,2,0,0,0,0,0,0,0
51904000,51892000,3.5451475e-07,0.00026315535,0.0010126797,0.0007211564,0.007850548,0.003578846,663,0,0.119961105,0.28004184,0.0028317717,0.051032975,0.018492872,0.000575154,0.0,0.0,0.0,0.108,1310996,1310996,6620172,197388,0,0,831,2,1,2,0,2,0,0,0,0,0,0,0
52112000,52096000,3.2632667e-07,0.00023848249,0.0008524647,0.0005634822,0.019301828,0.014980825,663,0,0.119976535,0.27986085,0.022427613,0.05474013,0.0040577,0.00043652504,0.0,0.0,0.0,0.111999996,1310996,1310996,6620172,197388,0,0,831,2,1,2,0,2,0,0,0,0,0,0,0
52308000,52300000,2.7778077e-07,0.000310129,0.002705728,0.0006124978,0.025623139,0.025408901,663,0,0.119995505,0.27968612,0.021421114,0.07301073,0.030552208,0.0014801496,0.0,0.0,0.0,0.116,1310996,1310996,6620172,197388,0,0,831,2,1,2,0,2,0,0,0,0,0,0,0
52512000,52512000,4.4253994e-07,0.00036324447,0.0029449195,0.00028073904,0.021016544,0.0224839,663,0,0.1205887,0.2797936,0.0049354276,0.040926583,0.035291784,0.00041545168,0.0,0.0,0.0,0.116,1310996,1310996,6620172,197388,0,0,831,2,1,2,0,2,0,0,0,0,0,0,0
52712000,52700000,7.3562427e-07,0.00034139366,0.0020169814,0.0005159651,0.023168048,0.027224543,663,0,0.12009643,0.28024563,0.019731803,0.09643499,0.030102557,0.00086698035,0.0,0.0,0.0,0.116,1310996,1310996,6620172,197388,0,0,831,2,1,2,0,2,0,0,0,0,0,0,0
52912000,52912000,1.3450493e-06,0.00068913284,0.0037263446,0.00042930705,0.023517657,0.023752842,663,0,0.1207503,0.27946985,0.035060495,0.035019852,0.020300722,0.0024944511,0.0,0.0,0.0,0.116,1310996,1310996,6620172,197388,0,0,831,2,1,2,0,2,0,0,0,0,0,0,0
53112000,53112000,1.1787097e-06,0.0005265891,0.002385291,0.0005149099,0.0058499216,0.009298654,663,0,0.1207713,0.28020823,0.014262537,0.06883194,0.03247745,9.017417e-05,0.0,0.0,0.0,0.116,1310996,1310996,6620172,197388,0,0,831,2,1,2,0,2,0,0,0,0,0,0,0
53304000,53300000,9.071732e-07,0.00041877697,0.0016631763,0.00088197715,0.01816372,0.023527795,663,0,0.12023345,0.2797721,0.035140358,0.17419466,0.009243326,0.0019627619,0.0,0.0,0.0,0.116,1310996,1310996,6620172,197388,0,0,831,2,1,2,0,2,0,0,0,0,0,0,0
53504000,53500000,8.5293635e-07,0.00034731993,0.0011976263,0.0015083457,0.036861114,0.03706231,663,0,0.120216586,0.2796137,0.01361385,0.12715203,0.02609963,0.00015101471,0.0,0.0,0.0,0.116,1310996,1310996,6620172,197388,0,0,831,2,1,2,0,2,0,0,0,0,0,0,0
53708000,53700000,9.622009e-07,0.00031501785,0.000910782,0.00056627596,0.010166336,0.01756234,663,0,0.120240554,0.279456,0.02346865,0.17041336,0.013163859,0.0012780806,0.0,0.0,0.0,0.116,1310996,1310996,6620172,197388,0,0,831,2,1,2,0,2,0,0,0,0,0,0,0
53912000,53912000,9.595647e-07,0.0005943784,0.003618658,0.001692818,0.032554496,0.030593054,663,0,0.12081488,0.27957648,0.016456323,0.16219659,0.017081495,0.0012298396,0.0,0.0,0.0,0.116,1310996,1310996,6620172,197388,0,0,831,2,1,2,0,2,0,0,0,0,0,0,0
54108000,54104000,7.0390627e-07,0.0005749328,0.0037458183,0.00060965965,0.026036235,0.024618417,663,0,0.12025849,0.28003746,0.011567694,0.027863784,0.005600855,0.002756717,0.0,0.0,0.0,0.12,1310996,1310996,6620172,197388,0,0,831,2,1,2,0,2,0,0,0,0,0,0,0
54304000,54296000,5.32802e-07,0.00047243753,0.0035449758,0.0005015014,0.0060899328,0.009125631,663,0,0.11973109,0.2796062,0.025084585,0.023358423,0.015274031,0.001966246,0.0,0.0,0.0,0.12,1310996,1310996,6620172,197388,0,0,831,2,1,2,0,2,0,0,0,0,0,0,0
54504000,54504000,4.0762006e-07,0.00038351177,0.0035583808,0.00037096802,0.004132854,0.0060994592,663,0,0.12027619,0.2797298,0.027803538,0.029895961,0.024423447,0.0010555858,0.0,0.0,0.0,0.12,1310996,1310996,6620172,197388,0,0,831,2,1,2,0,2,0,0,0,0,0,0,0
54704000,54704000,3.0568253e-07,0.0002892174,0.0023154174,0.00036629738,0.0033881012,0.006622763,663,0,0.120288566,0.2795784,0.01587363,0.03795275,0.02678742,0.0024829602,0.0,0.0,0.0,0.12,1310996,1310996,6620172,197388,0,0,831,2,1,2,0,2,0,0,0,0,0,0,0
54904000,54904000,3.383528e-07,0.0002553941,0.0015585817,0.0007185107,0.015868768,0.01846756,663,0,0.12030248,0.2794278,0.0066823694,0.09641905,0.020426111,0.0018801953,0.0,0.0,0.0,0.12,1310996,1310996,6620172,197388,0,0,831,2,1,2,0,2,0,0,0,0,0,0,0
55108000,55104000,4.4807507e-07,0.00022317027,0.0011213791,0.00049382367,0.014834198,0.015208204,663,0,0.12033008,0.27928078,0.025259756,0.0321587,0.026013201,0.0006833696,0.0,0.0,0.0,0.12,1310996,1310996,6620172,197388,0,0,831,2,1,2,0,2,0,0,0,0,0,0,0
55308000,55304000,3.3374766e-07,0.00017081,0.0007946982,0.001217225,0.023871798,0.024030019,663,0,0.12042205,0.28003073,0.03364503,0.2048553,0.015694149,3.9112096e-05,0.0,0.0,0.0,0.12,1310996,1310996,6620172,197388,0,0,831,2,1,2,0,2,0,0,0,0,0,0,0
55504000,55496000,2.8892535e-07,0.00017347983,0.00066453154,0.002291425,0.06564667,0.062004056,663,0,0.119953,0.27961043,0.026190646,0.2897447,0.012487633,0.0003228911,0.0,0.0,0.0,0.12,1310996,1310996,6620172,197388,0,0,831,2,1,2,0,2,0,0,0,0,0,0,0
55712000,55704000,2.6351424e-07,0.00017404092,0.0005864586,0.002213509,0.081902355,0.08510091,663,0,0.12056792,0.27975622,0.010364035,0.273366,0.039381135,0.0006449109,0.0,0.0,0.0,0.12,1310996,1310996,6620172,197388,0,0,831,2,1,2,0,2,0,0,0,0,0,0,0
55916000,55904000,2.6844714e-07,0.00014596782,0.0005833936,0.0014373416,0.06787374,0.07607317,663,0,0.12063618,0.27962756,0.0008161889,0.11076891,0.023957478,0.0009708459,0.0,0.0,0.0,0.12,1310996,1310996,6620172,197388,0,0,831,2,1,2,0,2,0,0,0,0,0,0,0
56108000,56108000,5.1518026e-07,0.0006443883,0.0047612917,0.00020338116,0.021696698,0.034640223,663,0,0.12015528,0.27921972,0.015889058,0.08220649,0.01580149,0.000827867,0.0,0.0,0.0,0.124,1310996,1310996,6620172,197388,0,0,831,2,1,2,0,2,0,0,0,0,0,0,0
56308000,56300000,5.5482445e-07,0.00049506046,0.003108296,0.0010647618,0.028024197,0.020388763,663,0,0.12023571,0.28000084,0.0056414953,0.14869489,0.027964517,0.00084525166,0.0,0.0,0.0,0.124,1310996,1310996,6620172,197388,0,0,831,2,1,2,0,2,0,0,0,0,0,0,0
56508000,56508000,4.5566287e-07,0.0004777273,0.003166915,0.0009204254,0.046654437,0.041611645,663,0,0.1208468,0.2792876,0.00026753117,0.09746826,0.028720198,0.0008448141,0.0,0.0,0.0,0.124,1310996,1310996,6620172,197388,0,0,831,2,1,2,0,2,0,0,0,0,0,0,0
56712000,56708000,6.404999e-07,0.00035314713,0.0020676756,0.0014495885,0.06799274,0.07243198,663,0,0.12087052,0.28008077,0.01611095,0.2952627,0.0075162407,0.0011116525,0.0,0.0,0.0,0.124,1310996,1310996,6620172,197388,0,0,831,2,1,2,0,2,0,0,0,0,0,0,0
56916000,56908000,5.566796e-07,0.00030020453,0.0014228272,0.0027474842,0.11493824,0.122044764,663,0,0.11820562,0.27940726,0.012892053,0.29854977,0.035067596,0.00045804406,0.0,0.0,0.0,0.124,1310996,1310996,6620172,197388,0,0,831,2,1,2,0,2,0,0,0,0,0,0,0
57108000,57092000,4.7349158e-07,0.00022750611,0.0010600921,0.0016669804,0.08393652,0.09698642,663,0,0.11980882,0.27931333,0.061321914,0.05364144,0.023215283,0.0014393217,0.0,0.0,0.0,0.128,1310996,1310996,6620172,197388,0,0,831,2,1,2,0,2,0,0,0,0,0,0,0
57308000,57304000,5.259219e-07,0.00060453144,0.0029862495,0.0015419238,0.01845892,0.030015446,663,0,0.12040842,0.27952293,0.054746706,0.21967804,0.013312871,1.8904046e-05,0.0,0.0,0.0,0.128,1310996,1310996,6620172,197388,0,0,831,2,1,2,0,2,0,0,0,0,0,0,0
57508000,57504000,3.5252677e-07,0.00043519144,0.0019594696,0.0025443404,0.04773362,0.03895576,663,0,0.12042239,0.2794349,0.027249536,0.322067,0.028641937,0.002401237,0.0,0.0,0.0,0.128,1310996,1310996,6620172,197388,0,0,831,2,1,2,0,2,0,0,0,0,0,0,0
57704000,57704000,5.564463e-07,0.0005293845,0.0046278005,0.0021831838,0.068513416,0.06760627,663,0,0.12037473,0.28023773,0.017807193,0.14953716,0.01305206,0.001803701,0.0,0.0,0.0,0.128,1310996,1310996,6620172,197388,0,0,831,2,1,2,0,2,0,0,0,0,0,0,0
57916000,57912000,3.404403e-07,0.00035433256,0.004229333,0.00067944615,0.0471429,0.06211903,663,0,0.12080188,0.27953452,0.009581284,0.027031356,0.016141944,0.0014301789,0.0,0.0,0.0,0.128,1310996,1310996,6620172,197388,0,0,831,2,1,2,0,2,0,0,0,0,0,0,0
58108000,58104000,2.1570328e-07,0.000254778,0.002698226,0.00023177928,0.024052467,0.036887933,663,0,0.12024164,0.2800333,0.018250007,0.015841167,0.010287894,0.000906309,0.0,0.0,0.0,0.128,1310996,1310996,6620172,197388,0,0,831,2,1,2,0,2,0,0,0,0,0,0,0
58308000,58304000,1.3129704e-07,0.00016485254,0.0017395994,0.00033707163,0.0133558065,0.022947082,663,0,0.12023046,0.2799228,0.015336567,0.030918822,0.02986923,0.0022702178,0.0,0.0,0.0,0.128,1310996,1310996,6620172,197388,0,0,831,2,1,2,0,2,0,0,0,0,0,0,0
58512000,58512000,8.147132e-08,0.00014559561,0.0033416003,0.00037554608,0.00636749,0.011716264,663,0,0.12075946,0.2800955,0.018058889,0.029557168,0.018095084,0.0013630377,0.0,0.0,0.0,0.128,1310996,1310996,6620172,197388,0,0,831,2,1,2,0,2,0,0,0,0,0,0,0
58712000,58712000,4.973155e-08,9.936039e-05,0.0020973077,0.0003682343,0.0052039144,0.009451054,663,0,0.120699614,0.2799703,0.0064686737,0.030785672,0.011096108,0.0025339848,0.0,0.0,0.0,0.128,1310996,1310996,6620172,197388,0,0,831,2,1,2,0,2,0,0,0,0,0,0,0
58912000,58912000,3.028724e-08,6.563902e-05,0.0013557865,0.00037911593,0.0037956983,0.0066498765,1049111,0,0.12066348,0.27984133,0.015103954,0.029182795,0.01461964,1.1754944e-38,0.0,0.0,0.0,0.128,1310996,1310996,6620172,197388,0,0,895,2,1,2,0,2,0,0,0,0,0,0,0
59112000,59112000,1.8765618e-08,4.9881113e-05,0.000933472,0.00039297793,0.0041578235,0.008678113,1049111,0,0.12064163,0.27970964,0.012239018,0.027144438,0.03417448,1.1754944e-38,0.0,0.0,0.0,0.128,1310996,1310996,6620172,197388,0,0,895,2,1,2,0,2,0,0,0,0,0,0,0
59308000,59304000,1.1988507e-08,3.6747482e-05,0.000701501,0.00033193117,0.0021438112,0.0052270605,1049111,0,0.12010952,0.28018668,0.012208047,0.025568604,0.021773698,1.1754944e-38,0.0,0.0,0.0,0.128,1310996,1310996,6620172,197388,0,0,895,2,1,2,0,2,0,0,0,0,0,0,0
59512000,59504000,7.708463e-09,3.1979867e-05,0.0005086509,0.00030777484,0.0012062261,0.0032232823,1049111,0,0.120172955,0.28005254,0.0052570556,0.024496574,0.017466353,1.1754944e-38,0.0,0.0,0.0,0.128,1310996,1310996,6620172,197388,0,0,895,2,1,2,0,2,0,0,0,0,0,0,0
59704000,59692000,5.2888596e-09,7.1095434e-05,0.006894907,0.0002681452,0.0012069412,0.0026309672,1049111,0,0.12230899,0.2801997,0.010050878,0.024380093,0.023973491,1.1754944e-38,0.0,0.0,0.0,0.128,1310996,1310996,6620172,197388,0,0,895,2,1,2,0,2,0,0,0,0,0,0,0
59900000,59900000,5.156496e-09,0.00014359609,0.013612133,0.00024324941,0.001670719,0.0025065967,1049111,0,0.12488898,0.2806541,0.003921216,0.023549229,0.016301041,1.1754944e-38,0.0,0.0,0.0,0.128,1310996,1310996,6620172,197388,0,0,895,2,1,2,0,2,0,0,0,0,0,0,0
60112000,60112000,3.8553103e-09,0.000116050454,0.013491917,0.000308815,0.0020601668,0.004261995,1049111,0,0.12527153,0.2811049,0.0041735903,0.022882648,0.029492166,1.1754944e-38,0.0,0.0,0.0,0.128,1310996,1310996,6620172,197388,0,0,895,2,1,2,0,2,0,0,0,0,0,0,0
60312000,60304000,2.7866078e-09,9.5856594e-05,0.017253634,0.00029256204,0.0031035936,0.007648828,1049111,0,0.12614863,0.2818889,0.00091182394,0.018917242,0.032466747,1.1754944e-38,0.0,0.0,0.0,0.139,1310996,1310996,6620172,197388,0,0,895,2,1,2,0,2,0,0,0,0,0,0,0
60504000,60504000,2.2694926e-09,0.00012860772,0.017083764,0.00023539444,0.0025016041,0.00641014,1049111,0,0.12750013,0.28207403,0.0079486985,0.01788328,0.02144759,1.1754944e-38,0.0,0.0,0.0,0.139,1310996,1310996,6620172,197388,0,0,895,2,1,2,0,2,0,0,0,0,0,0,0
60708000,60708000,2.0170232e-09,0.00012779393,0.01907289,0.00016243823,0.00402358,0.0051912405,1049111,0,0.13001935,0.2828935,0.005148629,0.016744783,0.0029111344,1.1754944e-38,0.0,0.0,0.0,0.139,1310996,1310996,6620172,197388,0,0,895,2,1,2,0,2,0,0,0,0,0,0,0
60905000,60900000,1.5771212e-09,0.0001111786,0.021155246,0.00014593074,0.0055594477,0.0067320075,1049111,0,0.13116756,0.28307644,0.009455643,0.014917353,0.022526894,1.1754944e-38,0.0,0.0,0.0,0.139,1310996,1310996,6620172,197388,0,0,895,2,1,2,0,2,0,0,0,0,0,0,0
61112000,61108000,1.555887e-09,0.00013203619,0.022301547,0.00016447948,0.0050677606,0.0073312586,1049111,0,0.1298078,0.2831866,0.0027290697,0.015134866,0.03480354,1.1754944e-38,0.0,0.0,0.0,0.143,1310996,1310996,6620172,197388,0,0,895,2,1,2,0,2,0,0,0,0,0,0,0
61312000,61308000,1.3729954e-09,0.00010527801,0.017947244,0.00017966102,0.0046966486,0.0059634615,1049111,0,0.12817162,0.283907,0.0002699316,0.012974791,0.017450666,1.1754944e-38,0.0,0.0,0.0,0.143,1310996,1310996,6620172,197388,0,0,895,2,1,2,0,2,0,0,0,0,0,0,0
61508000,61508000,1.1012291e-09,7.104883e-05,0.012215435,0.00015825962,0.0056505227,0.008587746,1049111,0,0.12677209,0.28368554,0.006770637,0.0105183935,0.0071961046,1.1754944e-38,0.0,0.0,0.0,0.143,1310996,1310996,6620172,197388,0,0,895,2,1,2,0,2,0,0,0,0,0,0,0
61708000,61692000,8.271961e-10,4.7074514e-05,0.007812679,0.0001277409,0.00575924,0.009362779,1049111,0,0.12456251,0.28285462,0.003959626,0.009858142,0.0033140124,1.1754944e-38,0.0,0.0,0.0,0.147,1310996,1310996,6620172,197388,0,0,895,2,1,2,0,2,0,0,0,0,0,0,0
